Decimal day (2020)             r / R_J       theta / radians         phi / radians               B_r / nT              B_t / nT              B_p / nT    Error / nT    Range 
    313.039165856   1.9878598828374066    0.4909631800374331    5.7797178398346736     76133.414266059146    34183.388723661570     5583.782817281623        10.924        4 
    313.039513079   1.9757276275965177    0.4853800493654254    5.7677240230280251     77907.122491719172    34610.394730300621     5937.898692032632        11.106        4 
    313.039860475   1.9635919183663557    0.4797445556659513    5.7554945793212022     79728.056423035858    35042.927247451778     6328.172366482504        11.292        4 
    313.040207697   1.9514659574900750    0.4740627392886029    5.7430304481661070     81602.820967733729    35470.631220053299     6719.468629815638        11.483        4 
    313.040555104   1.9393377067470079    0.4683289411826042    5.7303060102131571     83534.895227008848    35907.000104045248     7145.942344495128        11.681        4 
    313.040902512   1.9272140697200808    0.4625464716840312    5.7173142246703232     85523.037276207135    36336.744869713089     7586.688382401469        11.883        4 
    313.041249907   1.9150956714598451    0.4567157828631583    5.7040407269154194     87564.719087193007    36762.396830061247     8057.453378517275        12.091        4 
    313.041597130   1.9029894595947758    0.4508405467373459    5.6904772756631825     89666.979028089321    37187.267686070933     8550.337583469725        12.305        4 
    313.041944537   1.8908835101477153    0.4449153432842600    5.6765933202660097     91829.415900551190    37613.042181969722     9068.122386931151        12.525        4 
    313.042291759   1.8787910878842233    0.4389472107716996    5.6623857323687101     94061.280876686389    38029.641646859687     9614.468204193236        12.751        4 
    313.042639155   1.8667003483068887    0.4329309653157966    5.6478208825206799     96354.048384198817    38431.992716328314    10189.588580814234        12.984        4 
    313.042986563   1.8546183123269782    0.4268708972066138    5.6328859079627254     98710.659943047824    38842.943144020552    10800.738308252803        13.223        4 
    313.043333785   1.8425520390009318    0.4207716131315300    5.6175672327044506    101143.861368847414    39241.024489518626    11443.659370855836        13.469        4 
    313.043681181   1.8304897604288497    0.4146284033556188    5.6018257356761545    103641.219169232631    39622.709545727965    12119.270694549377        13.722        4 
    313.044028403   1.8184448653320771    0.4084495418389945    5.5856528764538877    106212.485335996418    39994.212673011716    12831.434584178554        13.982        4 
    313.044375810   1.8064056520600993    0.4022307492253794    5.5690051206434346    108851.037285307975    40370.900386207242    13593.084120639291        18.937        5 
    313.044723206   1.7943792985211342    0.3959777361231976    5.5518620357468595    111570.657475548389    40726.444949538985    14349.274969661721        19.212        5 
    313.045070613   1.7823666987193900    0.3896933138095473    5.5341927747737447    114392.393361650116    41046.050949653996    15193.582608382156        19.496        5 
    313.045417836   1.7703750725287257    0.3833839820759108    5.5159738568323862    117279.390037442674    41356.719240010862    16076.185311728179        19.787        5 
    313.045765243   1.7583929106695015    0.3770468213613167    5.4971506932978587    120258.172335383715    41638.911614433637    17003.579160308022        20.088        5 
    313.046112465   1.7464337068705535    0.3706925404562915    5.4777047041365075    123316.372129594733    41888.025791392771    17975.132816124584        20.395        5 
    313.046459688   1.7344922799985316    0.3643224950526773    5.4575852559927869    126461.320029451774    42109.851582588308    19013.355250233064        20.712        5 
    313.046807083   1.7225635031492785    0.3579385941857723    5.4367372913687309    129711.322866385497    42309.688108950380    20097.175274481539        21.039        5 
    313.047154306   1.7106609492621256    0.3515534017969864    5.4151353531628086    133058.510468451830    42453.396421489866    21233.688497827912        21.375        5 
    313.047501528   1.6987795728002781    0.3451702163213903    5.3927182365403192    136500.609889621730    42572.799574378798    22444.898763012439        21.722        5 
    313.047848750   1.6869205856348510    0.3387965107708331    5.3694319614615615    140040.006681478961    42618.938216338502    23718.019242464739        22.077        5 
    313.048196157   1.6750790886605715    0.3324373202419160    5.3452059826539475    143678.811784666614    42638.235194435416    25061.296213648886        22.444        5 
    313.048543380   1.6632687216994271    0.3261086571593360    5.3200041803563920    147452.184628828254    42562.788160213771    26476.086360016714        22.822        5 
    313.048890775   1.6514785097360056    0.3198144142865610    5.2937350869245376    151320.465176017897    42440.390466776305    27946.575069003382        23.211        5 
    313.049237998   1.6397221595811238    0.3135728738448937    5.2663572651372057    155323.663788486709    42231.695407268613    29511.627247039414        23.613        5 
    313.049585405   1.6279888556253481    0.3073906316100863    5.2377696952556985    159437.662567401771    41928.584868515914    31146.224538389535        24.026        5 
    313.049932801   1.6162862284399080    0.3012855463311923    5.2079106768957182    163651.849543944758    41549.961278396586    32871.920084401536        24.450        5 
    313.050280023   1.6046218943342938    0.2952769608739412    5.1767183267794614    168020.674716178677    41038.154154080854    34667.174328215551        24.888        5 
    313.050627431   1.5929853151257991    0.2893766240906200    5.1440796566145384    172490.085834244615    40492.070789836056    36560.681632763080        25.340        5 
    313.050974653   1.5813902615758821    0.2836105935923877    5.1099471289910277    177131.371178109897    39704.379572012585    38528.986402637936        25.806        5 
    313.051322049   1.5698263723775858    0.2779948650711234    5.0742038471805433    181913.589492540224    38780.139695286591    40603.084288394020        26.287        5 
    313.051669456   1.5583014845303411    0.2725566828652052    5.0367879182257163    186860.502240300324    37664.300147230708    42695.604466537465        26.783        5 
    313.052016863   1.5468174297467419    0.2673225156864890    4.9976241955782985    191959.888878352271    36403.132818544611    44868.493233317822        27.295        5 
    313.052364086   1.5353820565345477    0.2623237604213363    4.9566664629487995    197197.527211891342    35019.961445258392    47184.196689650467        27.825        5 
    313.052711481   1.5239854142677958    0.2575864261291351    4.9138142427265263    202648.313896923617    33330.430474336907    49349.790147830397        28.370        5 
    313.053058704   1.5126414180156902    0.2531489593743992    4.8690684743962471    208209.140751075465    31470.741682868451    51756.790814904896        28.933        5 
    313.053406111   1.5013403288623497    0.2490424897422820    4.8223574785690051    214001.222552604711    29374.794258436814    54115.854359359786        29.517        5 
    313.053753507   1.4900902767284949    0.2453071406057246    4.7737021210385286    219997.678104786610    26942.243341105292    56522.917424022977        30.122        5 
    313.054100729   1.4788992826375651    0.2419838632757514    4.7231553894680882    226192.509233805991    24279.403440815666    58826.721616562427        30.746        5 
    313.054448137   1.4677580374748007    0.2391096500065358    4.6707236328758759    232572.164460034866    21304.888767526965    61234.626373971041        31.393        5 
    313.054795359   1.4566805180633537    0.2367284061730459    4.6165572911777648    239217.693139913958    18063.471219957675    63470.085656409887        32.064        5 
    313.055142755   1.4456576617209485    0.2348783168688383    4.5607358308331323    246107.575180869870    14490.338691709148    65551.590572085552        32.759        5 
    313.055490162   1.4346978167466606    0.2336003023616631    4.5034642871669153    253242.149705704767    10575.049386110593    67614.679040443225        33.481        5 
    313.055837569   1.4238036100739619    0.2329318000657014    4.4449604981247273    260633.423286950943     6257.867796661936    69534.258961621119        34.231        5 
    313.056184965   1.4129777775706356    0.2329071948879570    4.3854796908914579    268319.137060198060     1618.173657727391    71244.553403237849        35.011        5 
    313.056532188   1.4022286824270200    0.2335563146613985    4.3253401164537575    276302.494924169616    -3251.266952450809    72675.781529247412        35.821        5 
    313.056879410   1.3915535678628228    0.2349044618098108    4.2648204575755821    284632.607836184965    -8397.266770759474    73857.167520870455        36.667        5 
    313.057226817   1.3809498914283904    0.2369729009583559    4.2042118135439779    293295.692080213281   -13756.719662517091    74711.245162673848        37.546        5 
    313.057574213   1.3704263316588741    0.2397752466119149    4.1438704810393219    302354.505534282478   -19352.826569256111    75248.968647345217        38.467        5 
    313.057921435   1.3599914409604250    0.2433175547640738    4.0841424479297324    311771.332693695207   -25061.931124000039    75406.435449212819        39.423        5 
    313.058268843   1.3496375970433889    0.2476056787132699    4.0252601808868915    321687.956090199645   -30924.335239824431    75208.927485859298        40.430        5 
    313.058616065   1.3393789386040302    0.2526317516459265    3.9675502953225088    331999.869276868005   -36830.929119439643    74633.484331425221        41.476        5 
    313.058963461   1.3292081986759545    0.2583926199621285    3.9111823007596431    342829.224587319652   -42829.928956280935    73718.295767160700        42.576        5 
    313.059310868   1.3191342947059344    0.2648731815542839    3.8563764701063792    354207.254132405506   -48858.455227189239    72435.246682428202        43.732        5 
    313.059658090   1.3091660024412304    0.2720533607866528    3.8033083987022773    366164.400211588596   -54876.027745149346    70712.738306666826        44.944        5 
    313.060005313   1.2993017748002593    0.2799175402898939    3.7520568797947198    378741.841017800034   -60827.636730724866    68615.721265493805        46.218        5 
    313.060352535   1.2895454435207352    0.2884450587658415    3.7026917444924257    392071.611319652060   -66676.239309205164    66200.758203180972        66.311        6 
    313.060699757   1.2799008805013543    0.2976140281732991    3.6552486252985750    405910.756584990362   -72539.200386758137    63393.016196051220        67.712        6 
    313.061046979   1.2703721228730853    0.3074020243225516    3.6097336395965778    420742.629255916807   -78316.465389125922    60083.021512323263        69.210        6 
    313.061394375   1.2609583719313635    0.3177921202319968    3.5661060170004899    436304.133849258244   -83819.360881645596    56384.274573827191        70.778        6 
    313.061741782   1.2516688258973205    0.3287571986280793    3.5243514058828613    452873.026071241358   -89215.270402390772    52283.031517447016        72.446        6 
    313.062089005   1.2425125040196017    0.3402696090876939    3.4844361898351233    470499.543463272799   -94305.080793795627    47696.048445153130        74.216        6 
    313.062436400   1.2334842366496819    0.3523206712960090    3.4462533847923460    489079.748690605687   -99088.565436919540    42607.560610560889        76.077        6 
    313.062783623   1.2245978685407408    0.3648781978407269    3.4097694767746027    508924.854300676787  -103313.795421878036    36974.043050169101        78.056        6 
    313.063130845   1.2158531897710727    0.3779297361590945    3.3748859054394389    530027.182732241461  -107048.399933351524    30876.465506885430        80.155        6 
    313.063478067   1.2072548230290538    0.3914577874489078    3.3415217736601157    552526.536632181262  -110066.268894050299    24145.276203929272        82.384        6 
    313.063825289   1.1988074434719471    0.4054459476176818    3.3095953930451087    576411.009582020226  -112285.042414661220    16828.895613222401        84.742        6 
    313.064172512   1.1905157984907357    0.4198787766460945    3.2790257658954549    601685.635779593140  -113300.920656701899     8822.325206277728        87.226        6 
    313.064519919   1.1823805162767873    0.4347496920082457    3.2497188079931441    628592.599391241325  -113053.348049819091      122.601224303333        89.861        6 
    313.064867315   1.1744108380284743    0.4500376988475595    3.2216139696311799    656974.306877137977  -111154.663697814278    -9413.108003141015        92.631        6 
    313.065214722   1.1666116811474696    0.4657299673424703    3.1946376861286665    686905.271060410771  -107206.601977035985   -19764.591821710375        95.544        6 
    313.065561944   1.1589919371410600    0.4818059358576104    3.1687329625097500    718032.214228258468  -101013.755273878807   -31078.929996306302        98.570        6 
    313.065909167   1.1515525246718308    0.4982621512321856    3.1438190968224977    750209.055589756579   -92016.809079302562   -43446.436790549291       101.701        6 
    313.066256389   1.1442984490681063    0.5150876449999913    3.1198334371395950    783138.584706570022   -79820.354273013072   -56919.829639398042       104.918        6 
    313.066603611   1.1372347529612383    0.5322718556989179    3.0967170484172768    816203.609525483567   -64028.152302901843   -71604.060758338179       108.177        6 
    313.066950833   1.1303665006148123    0.5498045514051061    3.0744146153537675    848831.405098435236   -44143.054970149125   -87554.409624734370       111.441        6 
    313.067298056   1.1236987094715420    0.5676757530009624    3.0528744172051754    880324.245511280256   -19700.943849123025  -104708.945136849521       114.668        6 
    313.067645451   1.1172331218419231    0.5858852183100069    3.0320374555236844    909500.650552559877     9042.885556423455  -123633.371560865344       117.784        6 
    313.067992674   1.1109814432347396    0.6044043055540208    3.0118802445776534    935362.321603773278    42632.616948305629  -143869.466154959024       120.725        6 
    313.068339896   1.1049452257330701    0.6232327414576239    2.9923496826662666    956531.523149205605    80924.141031542968  -165443.525181972305       123.403        6 
    313.068687118   1.0991293692119948    0.6423608674230830    2.9734065706455572    971772.448259899043   123419.450860215700  -188184.166607232182       125.742        6 
    313.069034525   1.0935358655199987    0.6617891276343226    2.9550049231138118    979689.724754607538   169753.407233516918  -211709.163685504842       127.650        6 
    313.069381748   1.0881752755901581    0.6814874370678675    2.9371298881337036    979095.103389938013   218879.250848429860  -235488.691367819352       129.045        6 
    313.069728970   1.0830492858875349    0.7014557939529352    2.9197400499618600    969015.638213988044   269681.881537340814  -258883.832136112527       129.855        6 
    313.070076366   1.0781599437722778    0.7216945933258577    2.9027971641956505    948586.520756987855   320781.212200704555  -281116.296827306505       129.999        6 
    313.070423773   1.0735144046796383    0.7421830399131800    2.8862829214068797    917404.447950614151   370769.766449953604  -301126.298095581646       129.423        6 
    313.070771181   1.0691169316084366    0.7629103960894432    2.8701716068181558    875448.650423831306   417483.784093646391  -318007.999986478011       128.063        6 
    313.071118576   1.0649716578797348    0.7838656669304176    2.8544393116611988    823321.141933550243   459007.942651469843  -330551.659892062773       125.883        6 
    313.071465799   1.0610844573960672    0.8050264958607386    2.8390716176398318    762692.044616198167   492879.947013066558  -338279.368983153021       122.898        6 
    313.071813021   1.0574568508816287    0.8263921419889545    2.8240394137536153    695732.048463016399   517286.101045677555  -340483.587978848489       119.136        6 
    313.072160428   1.0540906877424190    0.8479620077067553    2.8093157291373680    625894.189137435169   531044.283667980228  -337327.698568510241       114.737        6 
    313.072507824   1.0509912501309819    0.8697128328305780    2.7948902327588567    556512.729012479773   534175.401028764434  -329262.185502239212       109.866        6 
    313.072855231   1.0481616416265154    0.8916320923736998    2.7807459679589335    490814.904283728683   527528.367967487313  -317207.034239801927       104.721        6 
    313.073202454   1.0456059360840897    0.9136954822160365    2.7668741286735568    431131.373059139936   513068.221247812908  -302225.632935084868        99.509        6 
    313.073549676   1.0433251885796868    0.9359013270238123    2.7532524268592873    378720.654135192744   492789.475305965869  -285355.805655507254        94.382        6 
    313.073897072   1.0413207166875249    0.9582479974294812    2.7398599869176561    334070.279705496097   468979.714808418939  -267437.842529490008        89.481        6 
    313.074244479   1.0395958432842558    0.9807104123023551    2.7266908817579130    296812.798407130584   443409.541165367758  -249254.961124649650        84.887        6 
    313.074591875   1.0381522887424621    1.0032748362642232    2.7137327993351854    266416.514170694922   417346.180570161669  -231245.844164669630        80.641        6 
    313.074939097   1.0369920285242638    1.0259155138791924    2.7009807952584808    241773.842129987053   391753.731163681136  -214032.043320230296        76.762        6 
    313.075286505   1.0361150244007573    1.0486419968306750    2.6884107152009800    222363.693820169719   367292.879313777434  -197628.497243355640        73.260        6 
    313.075633727   1.0355230004213851    1.0714164830885373    2.6760254631277594    207287.754274278297   344766.275036888954  -182094.569962610578        70.152        6 
    313.075981134   1.0352158706276200    1.0942484749480128    2.6638025204883822    195660.877408013213   324297.674141202646  -167782.426829175500        48.673        5 
    313.076328530   1.0351942293286887    1.1171118677280010    2.6517393267132912    186585.079660579562   306103.003100472968  -154413.140014184930        46.281        5 
    313.076675752   1.0354577676015992    1.1399805256512328    2.6398335351255109    179141.106836013438   290105.752086083812  -142002.333380014927        44.182        5 
    313.077022975   1.0360059862304158    1.1628522213860824    2.6280707438124558    172754.652779113763   275863.343309044896  -130449.235426252402        42.314        5 
    313.077370197   1.0368381536766063    1.1857129164553251    2.6164434052253602    167050.828796792135   262921.205983552092  -119746.908684419745        40.620        5 
    313.077717419   1.0379532523375383    1.2085487205864913    2.6049443200729576    162059.954765202448   250778.019298584550  -109836.173281186799        39.062        5 
    313.078064641   1.0393499451261561    1.2313459422570350    2.5935667288249742    157970.935813710996   239244.715778489743  -100697.733338003512        37.634        5 
    313.078412049   1.0410275598456171    1.2541029574861999    2.5822983760015017    155023.235985218897   228248.215552466805   -92298.107525366373        36.342        5 
    313.078759271   1.0429824345945358    1.2767828780960617    2.5711449365543495    153393.173835489550   217990.727408058359   -84657.799307815600        35.215        5 
    313.079106667   1.0452144308964508    1.2993964361938217    2.5600890164074266    153203.821822854748   208738.415873657592   -77667.484409125304        34.280        5 
    313.079454074   1.0477201409683512    1.3219192693010007    2.5491310192277470    154390.937508188246   200849.338512291230   -71368.104210028279        33.567        5 
    313.079801296   1.0504953602740594    1.3443275741584981    2.5382713957318361    156708.561244827171   194690.416233269963   -65721.019755493500        33.090        5 
    313.080148519   1.0535383632569382    1.3666213557347042    2.5274995212986386    159837.527864732489   190520.701923493703   -60633.548226040526        32.845        5 
    313.080495741   1.0568459621034110    1.3887893368514173    2.5168107395426742    163321.242679180374   188566.860867801588   -56126.054403004120        32.817        5 
    313.080842963   1.0604147820514431    1.4108207007359725    2.5062006345988417    166656.213559737284   188954.850982627133   -52146.048724178137        32.976        5 
    313.081190185   1.0642412281866214    1.4327051119982088    2.4956650096348270    169256.931990007113   191622.203805206722   -48683.871998504474        33.274        5 
    313.081537581   1.0683237015951539    1.4544440204034468    2.4851944286518330    170518.307293146179   196352.369832502678   -45722.429279966222        33.652        5 
    313.081884988   1.0726563055460840    1.4760166729042801    2.4747905982010914    169998.120303497679   202787.546639392705   -43179.157856201637        34.059        5 
    313.082232211   1.0772324922511525    1.4974031864888402    2.4644552548809293    167351.766928807396   210344.007486021233   -41038.935498044200        34.439        5 
    313.082579606   1.0820527626248484    1.5186176211807034    2.4541741862352819    162445.955653470097   218554.237110710208   -39237.108796141983        34.760        5 
    313.082926829   1.0871076884353130    1.5396301841944753    2.4439548042350836    155336.410573915637   226832.441797753301   -37658.612029602111        34.997        5 
    313.083274051   1.0923952204961624    1.5604448528080184    2.4337886139927916    146239.523749697983   234715.059172041045   -36310.170515803344        35.140        5 
    313.083621273   1.0979107655789762    1.5810550385300386    2.4236726354646700    135393.829092462052   241839.783949942008   -35090.707071274846        35.185        5 
    313.083968495   1.1036496163005187    1.6014547043496610    2.4136039792084847    123167.394143550191   248038.724499102740   -33937.491528137893        35.149        5 
    313.084315718   1.1096070209806819    1.6216383507129324    2.4035799609917752    109944.810992479004   253074.526930898952   -32855.149662775519        35.035        5 
    313.084663125   1.1157814254381904    1.6416113496178582    2.3935927563372816     95954.079672987718   256961.211789005290   -31804.266006116330        34.861        5 
    313.085010521   1.1221648894117136    1.6613586784714591    2.3836451194235599     81556.248576493395   259666.980862292403   -30763.951148272463        34.639        5 
    313.085357928   1.1287525190770555    1.6808763698250391    2.3737346361072782     66970.970797526010   261221.316910447495   -29735.365495213355        34.379        5 
    313.085705150   1.1355357823941363    1.7001509957839107    2.3638641816730046     52452.198736394101   261684.832008938596   -28744.762183720013        34.092        5 
    313.086052373   1.1425131156226047    1.7191897839167580    2.3540263964752062     38156.435472676167   261113.319272110472   -27763.193236010673        33.783        5 
    313.086399595   1.1496795831295237    1.7379902329860590    2.3442191582994618     24203.770880082775   259614.083706282836   -26813.579018882363        33.460        5 
    313.086746817   1.1570302687574905    1.7565502469158971    2.3344404854018341     10766.285285603954   257301.420573647483   -25906.474970623844        33.131        5 
    313.087094039   1.1645602192043092    1.7748681649543370    2.3246884371104537     -2062.895178504688   254234.679282545287   -24991.448777965365        32.796        5 
    313.087441262   1.1722645884135450    1.7929427338944619    2.3149611665769272    -14242.501025343379   250540.623359932360   -24102.913369793801        32.459        5 
    313.087788657   1.1801426473965704    1.8107822966789440    2.3052518301980491    -25674.157062997590   246318.519250681740   -23235.539981627495        32.123        5 
    313.088135880   1.1881813801003764    1.8283677571205530    2.2955688478484926    -36356.087463702192   241648.874093214836   -22396.464078765093        31.788        5 
    313.088483102   1.1963800890690726    1.8457082856649227    2.2859054945323587    -46284.570723723635   236655.400591981946   -21590.077172535006        31.460        5 
    313.088830324   1.2047340878210551    1.8628040295903179    2.2762601963773990    -55406.227260348816   231425.738629042840   -20810.355287165927        31.137        5 
    313.089177731   1.2132431648762281    1.8796641362830815    2.2666264055030556    -63808.642647741290   226000.099443899846   -20062.491171808106        30.819        5 
    313.089524954   1.2218939000041344    1.8962717794510120    2.2570126881243269    -71487.076362202555   220474.261866486428   -19342.147169892276        30.508        5 
    313.089872350   1.2306907899239166    1.9126452459980514    2.2474076015325588    -78490.176701773773   214880.567121761764   -18644.373496353292        30.202        5 
    313.090219572   1.2396202287988287    1.9287687097872843    2.2378197859894562    -84841.859217541860   209292.669356343162   -17987.034354488103        29.905        5 
    313.090566979   1.2486871826256758    1.9446603993013798    2.2282379294193184    -90638.365894342118   203757.695200595452   -17352.359906103680        29.618        5 
    313.090914375   1.2578827376802828    1.9603135184835119    2.2186657348081207    -95833.432030247364   198241.670265743101   -16757.679178811173        29.333        5 
    313.091261597   1.2671978147893967    1.9757219513186495    2.2091069533558105   -100542.328396079945   192808.228087529860   -16189.553693866124        29.055        5 
    313.091609005   1.2766380029580917    1.9909037417055127    2.1995504244112003   -104768.376034788933   187472.958378443844   -15662.007879964425        28.783        5 
    313.091956227   1.2861894645013705    2.0058452594738267    2.1900049338326748   -108560.360944627741   182240.634908191627   -15153.958313104857        28.517        5 
    313.092303623   1.2958582072557732    2.0205643674460227    2.1804594191685496   -111966.257423375049   177092.058155574545   -14661.570334744596        28.253        5 
    313.092651030   1.3056354517508009    2.0350556564889080    2.1709177691695345   -114960.247684734699   172078.105950840953   -14177.424894778189        27.993        5 
    313.092998437   1.3155174207864744    2.0493216815883284    2.1613789080632584   -117635.989847687742   167156.161497711902   -13769.223202545079        27.737        5 
    313.093345660   1.3254952623728553    2.0633578103914796    2.1518467819374947   -119952.993760503494   162381.934412441973   -13374.781029602251        27.483        5 
    313.093692882   1.3355704988659536    2.0771742613126749    2.1423154345308260   -121993.624159249564   157729.777460920450   -12988.057435114635        27.233        5 
    313.094040278   1.3457449776646850    2.0907808760406650    2.1327789099345242   -123751.357267763335   153191.515809486038   -12630.509242741988        26.984        5 
    313.094387685   1.3560100936306168    2.1041732469442844    2.1232412518401969   -125263.784696463277   148787.615263399726   -12304.900426039196        26.739        5 
    313.094735081   1.3663625454060544    2.1173543164616571    2.1137015047161705   -126527.665868635231   144472.888468733232   -12006.930594459656        26.493        5 
    313.095082303   1.3767936677026733    2.1303203436928881    2.1041637678089562   -127561.872285464226   140307.224393425015   -11715.978503430641        26.249        5 
    313.095429711   1.3873112040491555    2.1430878322977911    2.0946172129049150   -128452.991522206401   136229.149112952582   -11447.324591439203        26.010        5 
    313.095776933   1.3979011664219028    2.1556465250069650    2.0850709416451951   -129125.794280961272   132277.602399847703   -11212.022877562893        25.770        5 
    313.096124329   1.4085716495586240    2.1680125504376164    2.0755141641761021   -129604.221137628003   128447.948302401972   -10965.294677883663        25.531        5 
    313.096471736   1.4193142776786971    2.1801823815642978    2.0659510290435859   -129962.297664332116   124737.694329151462   -10777.938230642409        25.297        5 
    313.096819144   1.4301262878428902    2.1921590979943479    2.0563807427142682   -130124.225782205423   121113.864628049661   -10564.168211027689        25.059        5 
    313.097166366   1.4409992837716832    2.2039396805636549    2.0468075175770162   -130196.641951333440   117634.184320084401   -10368.723166096053        24.828        5 
    313.097513762   1.4519419999826551    2.2155394679175933    2.0372205981460074   -130135.750272078134   114207.837834247010   -10203.877073333395        24.595        5 
    313.097860984   1.4629404815493934    2.2269494452299150    2.0276292432016785   -129969.466670141861   110888.319720192259   -10036.615982524134        24.365        5 
    313.098208391   1.4740037438021445    2.2381845337662827    2.0180227056949174   -129678.032698956464   107687.788568483680    -9882.047258606806        24.136        5 
    313.098555787   1.4851236903810887    2.2492417785078693    2.0084052543645656   -129286.614594708066   104607.443803920469    -9714.508943359942        23.910        5 
    313.098903009   1.4962921508193285    2.2601185717001981    1.9987812087751771   -128829.190860520146   101570.318977296629    -9563.905952477289        23.684        5 
    313.099250417   1.5075185570667882    2.2708292140742650    1.9891398387728423   -128285.035599304014    98633.375128925152    -9436.312362908000        23.460        5 
    313.099597639   1.5187890381015343    2.2813655183224988    1.9794905091423893   -127679.891568129548    95801.537758965627    -9308.143223759245        23.241        5 
    313.099945035   1.5301132421219079    2.2917413772433850    1.9698224823271158   -126992.610561051057    93036.812946333026    -9186.919342598740        23.020        5 
    313.100292442   1.5414832625175685    2.3019541527040119    1.9601401235768363   -126241.019657543555    90366.453686503242    -9071.538167056977        22.803        5 
    313.100639664   1.5528912033239755    2.3120015075311229    1.9504478325250754   -125449.013681383891    87771.506950670853    -8959.318103022139        22.588        5 
    313.100986887   1.5643410459308547    2.3218916231686872    1.9407399251745874   -124594.095061074317    85265.479519274682    -8858.874362703049        22.375        5 
    313.101334109   1.5758309698743895    2.3316272738237251    1.9310157717089556   -123723.602547353803    82809.367012101648    -8734.247223899074        22.165        5 
    313.101681331   1.5873591956599666    2.3412111965112405    1.9212747451933929   -122771.479029183902    80432.191270712938    -8620.231448629966        21.954        5 
    313.102028553   1.5989239882160200    2.3506460889664722    1.9115162303708311   -121805.068789359706    78115.775907283954    -8535.129243517411        21.747        5 
    313.102375949   1.6105297284321649    2.3599394045395501    1.9017345234327978   -120794.031412671669    75885.814967652666    -8454.071868004001        21.542        5 
    313.102723356   1.6221688104695007    2.3690888232023064    1.8919341045318179   -119754.811481532000    73706.634661806544    -8313.869483334012        21.338        5 
    313.103070579   1.6338335808736382    2.3780922517727676    1.8821194826953986   -118675.365405118006    71597.866343413698    -8243.069676419480        21.136        5 
    313.103417975   1.6455346743648727    2.3869616047839295    1.8722798568950836   -117585.865187591087    69566.886470003141    -8137.307668020985        20.938        5 
    313.103765382   1.6572645832382438    2.3956946359257838    1.8624197356179379   -116480.509182256967    67550.211040734997    -8049.046656281476        20.740        5 
    313.104112604   1.6690157631668936    2.4042893488809609    1.8525437214831699   -115343.457775726740    65624.246283257002    -7945.251290509281        20.546        5 
    313.104460012   1.6807990842695564    2.4127571007099298    1.8426409299807638   -114190.474709598522    63756.896767474478    -7849.370981778713        20.353        5 
    313.104807234   1.6926009782979430    2.4210914022199033    1.8327211218155746   -113031.527887158576    61944.445502887495    -7774.568407522762        20.164        5 
    313.105154630   1.7044324624406388    2.4293032712890499    1.8227734034591057   -111858.468451428969    60148.019523386363    -7689.511004771110        19.975        5 
    313.105502037   1.7162861755525500    2.4373905789529746    1.8128023686092334   -110675.494951766566    58447.753556679600    -7573.590531240159        19.790        5 
    313.105849259   1.7281547241334112    2.4453514345647789    1.8028127042963571   -109476.085747385805    56775.917841603441    -7490.540058495855        19.606        5 
    313.106196655   1.7400493250741658    2.4531963007270368    1.7927934428309900   -108272.663530873222    55158.841267961849    -7412.915008719985        19.425        5 
    313.106544063   1.7519627180212161    2.4609231330257471    1.7827492416952679   -107066.766731980897    53584.514062446637    -7318.811233270160        19.247        5 
    313.106891285   1.7638876048129439    2.4685300869674909    1.7726848185574067   -105843.994423853219    52048.249628311009    -7219.427992057830        19.068        5 
    313.107238681   1.7758353537359512    2.4760271251110924    1.7625891719568032   -104642.349578203110    50581.838867360479    -7140.918220548068        18.896        5 
    313.107586088   1.7877987747455537    2.4834122691331650    1.7524669838666285   -103430.880919379269    49145.506499164403    -7046.526471294288        18.724        5 
    313.107933310   1.7997706755452327    2.4906837115143556    1.7423230391933620   -102207.721665588004    47733.565630482233    -6988.559828778747        18.554        5 
    313.108280718   1.8117625639839197    2.4978509456884344    1.7321462673013777   -100989.026852913259    46390.668249809009    -6878.005468835183        18.386        5 
    313.108627940   1.8237610728945153    2.5049083836874937    1.7219467246287625    -99799.217903840647    45081.295448415796    -6790.802877146176        13.535        4 
    313.108975336   1.8357778286574320    2.5118652095801952    1.7117132833489670    -98592.583342540238    43805.157934789924    -6707.305099122628        13.372        4 
    313.109322743   1.8478057507256258    2.5187195245145615    1.7014507411100388    -97392.479306194902    42557.341455639675    -6621.138304604177        13.212        4 
    313.109669965   1.8598377423356889    2.5254695928504538    1.6911639827004341    -96193.220382961328    41359.634254629360    -6529.657643475375        13.054        4 
    313.110017361   1.8718855525275444    2.5321241694426173    1.6808417687224941    -95002.828882158035    40191.190370119424    -6456.704381943409        12.899        4 
    313.110364769   1.8839421820523359    2.5386813857991992    1.6704889571583084    -93817.932724351878    39056.191193951134    -6372.626609267591        12.745        4 
    313.110711991   1.8960006113200669    2.5451395502685297    1.6601104826230169    -92640.027720009326    37964.858093417926    -6292.090219639593        12.594        4 
    313.111059387   1.9080726581406136    2.5515069985047236    1.6496950432481732    -91475.803465699209    36893.713518164863    -6214.145862603506        12.446        4 
    313.111406609   1.9201451178237305    2.5577786673850702    1.6392529891217129    -90310.741457963464    35864.848221272288    -6139.611256911808        12.299        4 
    313.111754016   1.9322298960284385    2.5639626326694005    1.6287729644486892    -89162.759325326391    34865.831638504627    -6063.534711279440        12.156        4 
    313.112101424   1.9443200463910792    2.5700570969244216    1.6182599425850792    -88022.767512384249    33882.945712786604    -5987.705817020097        12.014        4 
    313.112448819   1.9564149873115997    2.5760635275710988    1.6077134283424268    -86888.807170070577    32939.388410253363    -5914.851382897704        11.874        4 
    313.112796042   1.9685078038634607    2.5819803094257221    1.5971384878792982    -85764.120153244861    32019.142972548994    -5836.395677689716        11.736        4 
    313.113143449   1.9806105224573358    2.5878149978742844    1.5865236221988808    -84660.149772676450    31130.252275869159    -5763.560580221600        11.602        4 
    313.113490671   1.9927099983087719    2.5935628882536386    1.5758794441828228    -83556.796170983114    30264.170943028723    -5689.888005613925        11.468        4 
