Decimal day (2017)             r / R_J       theta / radians         phi / radians               B_r / nT              B_t / nT              B_p / nT    Error / nT    Range 
    350.710863866   1.9880104545000683    0.1723940371712628    4.3556640586893334    105420.124296620968      609.140080530975    18841.471280546913        17.959        5 
    350.711211088   1.9760243620764260    0.1666353845082449    4.3328613092489183    107463.115673449065     -174.528374577814    19044.073215590484        18.164        5 
    350.711558495   1.9640367807688139    0.1608583271327942    4.3085717390857052    109511.975487464457    -1014.545597382108    19233.082331171354        18.369        5 
    350.711905718   1.9520607861250936    0.1550759239404454    4.2826404095001385    111612.531628368466    -1929.106209911941    19376.809154301627        18.580        5 
    350.712253113   1.9400844850326247    0.1492906486048807    4.2548325519221795    113779.615608889115    -2903.748677292580    19484.148432224574        18.797        5 
    350.712600336   1.9281209970896023    0.1435187413515330    4.2249375405949365    115961.963965666248    -3941.074195770670    19543.871659826087        19.016        5 
    350.712947558   1.9161647338237129    0.1377695534932452    4.1926650538068468    118204.236318902738    -5057.338506211838    19562.392844761751        19.242        5 
    350.713294780   1.9042163592291224    0.1320580392727847    4.1576962687933889    120497.877014212849    -6258.520270766636    19519.960311420618        19.473        5 
    350.713642187   1.8922703687697831    0.1263993667480728    4.1196433290665553    122819.157897413970    -7525.401053853887    19345.392706922510        19.706        5 
    350.713989410   1.8803399096312199    0.1208214238047168    4.0781247803449627    125194.544033406593    -8891.304969628247    19126.382720213536        19.946        5 
    350.714336632   1.8684194993058143    0.1153479106394117    4.0326427774563012    127622.207982765598   -10340.195159369003    18751.932023100595        20.191        5 
    350.714684028   1.8565037224086087    0.1100084573905288    3.9826315668946597    130084.402054648308   -11904.866655355352    18224.565071293702        20.439        5 
    350.715031435   1.8445995792112384    0.1048451773842639    3.9275190574116166    132618.928981869627   -13514.169818309558    17520.278505138187        20.695        5 
    350.715378843   1.8327079058241722    0.0999053559874146    3.8666685513959691    135220.515319187223   -15222.162343917793    16578.395991366640        20.958        5 
    350.715726065   1.8208357264009647    0.0952478843537410    3.7994673368122065    137825.961090139695   -16980.748438551233    15392.830111656931        21.222        5 
    350.716073461   1.8089715791937158    0.0909346403915948    3.7252349761121786    140520.115396958747   -18781.569233314811    13890.530091677603        21.495        5 
    350.716420683   1.7971287080569416    0.0870473208536795    3.6435591268089262    143270.732403182599   -20545.384924516664    12055.920852356572        21.774        5 
    350.716768090   1.7852957329041053    0.0836687959092024    3.5541011930165878    146061.923223506979   -22248.923570632211     9814.710621786779        22.057        5 
    350.717115486   1.7734798038296296    0.0808951586261894    3.4570288167298173    148926.314841243322   -23765.012694658522     7157.994811292512        22.348        5 
    350.717462708   1.7616880822594330    0.0788230675621849    3.3530530964836647    151827.810270961054   -25036.545799954089     4112.845362622758        22.643        5 
    350.717809931   1.7499154427780870    0.0775406698524978    3.2434100676578690    154817.037118730717   -25932.548367280040      713.625154500738        22.948        5 
    350.718157153   1.7381629772843175    0.0771224796078071    3.1300125169687560    157820.921435100172   -26407.787063212283    -2954.072762370994        23.254        5 
    350.718504375   1.7264317935365374    0.0776187231695850    3.0152488628368515    160919.119566904061   -26351.016125274975    -6789.878650788637        23.570        5 
    350.718851597   1.7147230673433826    0.0790491373045324    2.9016929107927800    164052.537541733240   -25770.800339119167   -10670.852763371840        23.891        5 
    350.719199005   1.7030319189036511    0.0814032165432149    2.7916979110407811    167289.240488442883   -24722.550213348688   -14423.410152463250        24.222        5 
    350.719546227   1.6913717380727062    0.0846388502372526    2.6873265702799949    170551.235628012742   -23222.877419785327   -17979.216419093587        24.556        5 
    350.719893623   1.6797316823273394    0.0886997133369770    2.5897956693012265    173902.055762712116   -21395.815530315107   -21279.517455990084        24.900        5 
    350.720241030   1.6681191384354015    0.0935134791058241    2.4998524620775040    177296.271983468061   -19312.101850335552   -24282.585976353264        25.249        5 
    350.720588252   1.6565415113361532    0.0990030745039510    2.4176926949681539    180760.368463285500   -17074.313189968900   -26960.850031100912        25.606        5 
    350.720935475   1.6449941545662712    0.1050994908630826    2.3430329879046323    184296.048091443925   -14695.363678371310   -29400.459618255893        25.970        5 
    350.721282697   1.6334785408358423    0.1117375099764629    2.2753945710456560    187877.233634673263   -12238.589722685032   -31554.388916663898        26.340        5 
    350.721629919   1.6219961690070706    0.1188596918231602    2.2141721893215993    191545.037511910748    -9751.715703572843   -33535.332241270473        26.720        5 
    350.721977141   1.6105486143679681    0.1264166864463641    2.1587180965351336    195276.687035414157    -7187.738689362504   -35290.765040424536        27.107        5 
    350.722324537   1.5991315645636335    0.1343710988244492    2.1083697121246678    199065.086827492196    -4635.091635975310   -36882.582929823395        27.501        5 
    350.722671944   1.5877526439959202    0.1426843250797170    2.0625595661977258    202925.641625759396    -2060.603344487081   -38334.186634390047        27.902        5 
    350.723019167   1.5764194691469027    0.1513230198630368    2.0207655806679319    206867.451738902571      577.424688664392   -39671.682834973493        28.314        5 
    350.723366563   1.5651220213822843    0.1602725619910785    1.9824610583194542    210824.533084586874     3227.127298681698   -40913.590666398944        28.728        5 
    350.723713970   1.5538680561337270    0.1695091657752242    1.9472437894154373    214872.213964831433     5915.512493316040   -42038.304843681763        29.153        5 
    350.724061192   1.5426653099384933    0.1790120404001411    1.9147591420846866    218982.355410459801     8641.514312609652   -43111.315248345665        29.585        5 
    350.724408600   1.5315040483881412    0.1887782652996112    1.8846512621990379    223139.372825622529    11414.862541296287   -44169.693287752612        30.026        5 
    350.724755995   1.5203921555113653    0.1987925900594851    1.8566584824496162    227317.700339221599    14048.734312511806   -45369.728980463442        30.473        5 
    350.725103218   1.5093374826254911    0.2090412749560813    1.8305520989688244    231582.580628374009    16930.878544036037   -46261.798496305149        30.926        5 
    350.725450625   1.4983306388534960    0.2195283554762183    1.8060952089324283    235900.733534787840    19958.224656961902   -47089.898624146248        31.388        5 
    350.725797847   1.4873853224245559    0.2302376568539306    1.7831316140804914    240269.627737979434    23159.383318725559   -47765.896071017283        31.856        5 
    350.726145243   1.4764924299506992    0.2411762702502493    1.7614790680349253    244691.817533457361    26163.424735280380   -48491.932760152122        32.332        5 
    350.726492650   1.4656600385248295    0.2523355797253696    1.7410120605626604    249084.512107702816    29746.073652603736   -49297.534858149003        32.815        5 
    350.726839873   1.4548961595175500    0.2637073095898035    1.7216198690481259    253608.089033554716    33202.350115159170   -49574.754305417096        33.303        5 
    350.727187269   1.4441921058084992    0.2753017281652490    1.7031767418610906    258102.304046192410    36769.280443390395   -50189.922815268939        33.800        5 
    350.728576701   1.4020886775698247    0.3238278002520051    1.6373078685183013    276354.027180463076    52339.380868649852   -50853.631406373577        35.833        5 
    350.728923924   1.3917575473097212    0.3364931273474141    1.6224770826598374    280914.789555562136    56671.903263157685   -50740.425380701767        36.353        5 
    350.729271331   1.3815031528774862    0.3493817352933946    1.6081797334979266    285431.496130081534    61178.153371876397   -50546.728915353349        36.876        5 
    350.729618553   1.3713392437410055    0.3624811509014395    1.5943855750901146    289910.077920756303    65896.685638140116   -50303.612287297583        37.403        5 
    350.729965949   1.3612583799722404    0.3758061675566174    1.5810397429055065    294331.092725604598    70788.393224124506   -49911.614859489047        37.931        5 
    350.730313356   1.3512691012827287    0.3893512789887699    1.5681131296582436    298647.630944115110    75918.743257690512   -49410.044004645199        38.458        5 
    350.730660579   1.3413798713619447    0.4031106224647603    1.5555794869005641    302915.802884923760    81293.884789720512   -48717.601442806525        38.990        5 
    350.731007975   1.3315837559294144    0.4170999686055391    1.5433962305785738    307044.237248858903    86913.400028202319   -47877.116948048577        39.518        5 
    350.731355197   1.3218944704882387    0.4313062223316049    1.5315493770293780    311045.118991911295    92799.513349168861   -46860.728674314858        40.046        5 
    350.731702604   1.3123054705741541    0.4457456876851104    1.5200023819400899    314879.469484826433    98929.961876887959   -45630.198108607656        40.569        5 
    350.732050000   1.3028254773960235    0.4604125107322501    1.5087395552365095    318509.393148580857   105325.273317476443   -44183.053912626056        41.087        5 
    350.732397407   1.2934582325964319    0.4753081726344385    1.4977408862903125    321935.365309363697   112027.495775847041   -42534.036839991219        41.601        5 
    350.732744630   1.2842123431198658    0.4904261719094362    1.4869936767300169    325095.322045647772   118997.882324190534   -40609.165971427719        42.106        5 
    350.733092037   1.2750820714714708    0.5057836156343074    1.4764700592911000    327937.773413627408   126269.917812702435   -38464.465404223942        42.601        5 
    350.733439259   1.2660808961469467    0.5213658002457582    1.4661658010871619    330459.061165375984   133844.175682677247   -36042.827303410872        43.085        5 
    350.733786655   1.2572035073784380    0.5371901411445138    1.4560561542537049    332559.042373409553   141718.647122744005   -33319.656703710833        43.553        5 
    350.734134063   1.2484587209126925    0.5532496429216531    1.4461336902629067    334213.940150198177   149892.813721351558   -30347.519099302808        44.004        5 
    350.734481285   1.2398551936582922    0.5695366574968888    1.4363916162494335    335372.140393025766   158327.971091266663   -27095.436685520130        44.436        5 
    350.734828681   1.2313882356405474    0.5860689172488076    1.4268089077983213    335961.795617735828   167048.539541066712   -23527.947311661228        44.844        5 
    350.735175903   1.2230709885822906    0.6028297696988110    1.4173854646692636    335899.457483237784   176003.433210030606   -19734.753143909162        45.223        5 
    350.735523310   1.2148991474781889    0.6198370433060810    1.4081021630184931    335172.733734179987   185224.825477078120   -15662.774341224016        45.577        5 
    350.735870706   1.2068815658009524    0.6370822283165279    1.3989553417185161    333640.941051369999   194609.659491256054   -11376.827457400323        45.892        5 
    350.736218113   1.1990227125082513    0.6545652159547086    1.3899369917856492    331256.444505242980   204135.513491426769    -6907.759227403956        46.167        5 
    350.736565336   1.1913310828399395    0.6722763843230013    1.3810442732631740    327924.398184315884   213779.252384368796    -2336.358557471773        46.396        5 
    350.736912743   1.1838032409183532    0.6902335499863240    1.3722610305647898    323592.422003079788   223408.387401732907     2345.725464106974        46.573        5 
    350.737259965   1.1764516181326039    0.7084170836185935    1.3635899559849152    318163.664603460580   232989.782337167300     6992.643058903152        46.691        5 
    350.737607361   1.1692731997301673    0.7268446906597340    1.3550160292084452    311529.320252225327   242438.405011629802    11573.186078102444        46.742        5 
    350.737954769   1.1622764704451676    0.7455053932126370    1.3465381721488612    303643.478562059696   251570.001715241495    16028.120571866995        46.714        5 
    350.738301991   1.1554695777620783    0.7643873674372784    1.3381554547868795    294440.788818127767   260220.016437346785    20172.962620419348        46.597        5 
    350.738649387   1.1488500885271795    0.7835079904671732    1.3298542518329608    283915.797603181680   268184.951728637388    24021.656396185295        46.379        5 
    350.738996609   1.1424294864886846    0.8028446629748921    1.3216386030189733    272108.349388779665   275306.206092036271    27468.410248099928        46.056        5 
    350.739344016   1.1362057049891354    0.8224144664997018    1.3134955915146929    259066.255685318261   281307.632363185752    30415.156894676977        45.613        5 
    350.739691412   1.1301866990264273    0.8422038992880533    1.3054254724859615    245053.392311498406   285948.083483369730    32812.318185112112        45.051        5 
    350.740038819   1.1243769873251082    0.8622090246460204    1.2974244034380027    230239.668783810572   289088.004773773951    34676.612518454473        44.369        5 
    350.740386042   1.1187838846338805    0.8824149127358027    1.2894928751967327    214956.103176640929   290562.004263981886    35943.113768820374        43.571        5 
    350.740733264   1.1134087067652043    0.9028271461998379    1.2816233158822392    199595.767312305688   290350.315979758976    36558.152648980853        42.673        5 
    350.741080660   1.1082531196070851    0.9234512382082140    1.2738084449612606    184440.490850484523   288440.867040787707    36552.316341182370        41.681        5 
    350.741428067   1.1033242025846746    0.9442709129886165    1.2660493352375168    169871.985011683137   285006.217965986754    35958.134236037375        40.623        5 
    350.741775475   1.0986260622451505    0.9652799827090687    1.2583431183299896    156186.490700148686   280148.958930534718    34764.896122176702        39.512        5 
    350.742122697   1.0941649396706967    0.9864607151364748    1.2506910151132837    143644.706755455351   274176.170404610340    33118.480109526237        38.379        5 
    350.742470093   1.0899400234317016    1.0078280678559624    1.2430824824689528    132358.568452877458   267344.753331052547    31016.493996746460        37.242        5 
    350.742817315   1.0859594400751100    1.0293522467774334    1.2355229606522020    122506.061372276701   259961.689044336090    28569.885009674326        36.130        5 
    350.743164722   1.0822225501797933    1.0510476476677848    1.2280022447068377    114047.449779230243   252318.605445904075    25854.367434138418        35.060        5 
    350.743512118   1.0787348918036921    1.0728946413206373    1.2205220469511975    106976.069533663322   244655.908608398167    22911.767359332131        34.050        5 
    350.743859525   1.0754996181213856    1.0948843320072901    1.2130802540160865    101136.936198951662   237224.990215208963    19870.247538583717        33.115        5 
    350.744206748   1.0725212266830462    1.1169958691737614    1.2056786685630514     96488.033026532779   230173.694603046868    16701.656116922386        32.264        5 
    350.744553970   1.0698007187147793    1.1392309725694705    1.1983114914588606     92782.071050036087   223675.372617103043    13569.536955318574        31.504        5 
    350.744901366   1.0673394511999679    1.1615912347055859    1.1909730412535344     89974.228308645019   217833.046451169328    10467.918732748250        30.842        5 
    350.745248773   1.0651412453348563    1.1840546939311418    1.1836654067579784     87863.710691415268   212732.036282218411     7445.451303251451        30.278        5 
    350.745596181   1.0632081708164303    1.2066105884429998    1.1763868851055093     86366.544407738751   208416.701256859233     4518.920917440926        29.815        5 
    350.745943403   1.0615428968433425    1.2292360614039168    1.1691396188083585     85238.802011809632   204957.880334424088     1722.190421647974        29.448        5 
    350.746290799   1.0601452590512641    1.2519433960982584    1.1619144791422342     84471.252686596577   202330.364318146982     -964.105300924268        29.176        5 
    350.746638021   1.0590180575015025    1.2746974042149237    1.1547175219985601     83819.011027882603   200544.914327765116    -3544.312790774668        28.989        5 
    350.746985428   1.0581611811753375    1.2975100747204764    1.1475397800097880     83317.760382658540   199572.806017346069    -5961.759578199708        28.885        5 
    350.747332824   1.0575760720413481    1.3203576877954488    1.1403836252656958     82798.225416024594   199470.909176250687    -8260.435470653923        28.863        5 
    350.747680046   1.0572633687005719    1.3432163386609117    1.1332514312802071     82322.170343848673   200227.008349501586   -10416.451040233740        28.924        5 
    350.748027269   1.0572229316572896    1.3660858565617988    1.1261381747263683     81721.926403245976   201937.870792567206   -12462.128027872503        29.070        5 
    350.748374491   1.0574547248839339    1.3889541420133811    1.1190426000319931     80890.646507685044   204664.250808054785   -14316.903453759725        29.304        5 
    350.748721713   1.0579584724380156    1.4118091197799651    1.1119634992443517     79630.407537493360   208497.045140704140   -16038.351190022266        29.626        5 
    350.749068935   1.0587335951127248    1.4346387620519374    1.1048997203808009     77758.197636151453   213446.246833115292   -17610.555592079290        30.035        5 
    350.749416343   1.0597798562306233    1.4574429785067666    1.0978464609751533     74883.593058990140   219436.730388690194   -19034.963080086476        30.514        5 
    350.749763565   1.0610950556461249    1.4801862127795609    1.0908099562726299     70888.141134997670   226293.257126174605   -20325.282342240040        31.051        5 
    350.750110961   1.0626792021390652    1.5028804812004297    1.0837818345088726     65512.772240841652   233832.311393605487   -21508.751114640025        31.629        5 
    350.750458368   1.0645300658164949    1.5255024676135027    1.0767647090688017     58640.218908768213   241776.968150821893   -22571.301686227413        32.231        5 
    350.750805590   1.0666445886111895    1.5480292481780071    1.0697612277896897     50241.009209309603   249875.639648480952   -23511.955745526262        32.846        5 
    350.751152986   1.0690228442342349    1.5704733370700119    1.0627631220486700     40316.660765969558   257846.505316520837   -24370.231282698747        33.461        5 
    350.751500394   1.0716614735842260    1.5928123598376793    1.0557730727233112     28914.456947152779   265478.916759756394   -25159.174562830067        34.073        5 
    350.751847616   1.0745563257346697    1.6150244726060778    1.0487937949086124     16117.283221678557   272471.235813525331   -25877.112186091952        34.667        5 
    350.752195023   1.0777076496216600    1.6371228615824951    1.0418171028580647      2016.206076225299   278641.175823161087   -26514.722334903123        35.241        5 
    350.752542419   1.0811110066121576    1.6590863855618632    1.0348457591394342    -13146.733943436255   283702.299182705348   -27100.416933690205        35.780        5 
    350.752889641   1.0847612619617599    1.6808945904923416    1.0278825118426529    -29165.945164360182   287460.310756150982   -27628.613670165305        36.275        5 
    350.753237049   1.0886588562251607    1.7025614725094560    1.0209192485308496    -45757.583730478204   289731.008849096077   -28059.341653350592        36.716        5 
    350.753584271   1.0927962373673057    1.7240561881815635    1.0139624059106456    -62506.155435047476   290433.298885148717   -28415.425533455877        37.094        5 
    350.753931667   1.0971740361620803    1.7453933156965602    1.0070038886412120    -79073.246023946587   289574.706241969427   -28716.481641134946        37.405        5 
    350.754279074   1.1017863384248623    1.7665542439546318    1.0000465460942101    -95106.725430691557   287215.129305169336   -28927.319915887783        37.643        5 
    350.754626296   1.1066266335375325    1.7875212180560731    0.9930931919069994   -110347.518564293205   283556.534458403650   -29016.041898908545        37.815        5 
    350.754973519   1.1116931847958347    1.8082988766368389    0.9861394212901055   -124565.727725670033   278790.859583507641   -29059.091197079324        37.923        5 
    350.755320741   1.1169818546216483    1.8288812827666363    0.9791844805169602   -137640.371827024879   273164.556149387266   -29015.624905777455        37.976        5 
    350.755667963   1.1224883781858923    1.8492629508456453    0.9722275963328889   -149466.412676640350   266899.407904326683   -28936.848847505404        37.977        5 
    350.756015185   1.1282084386970856    1.8694388652964062    0.9652680185892493   -160065.880267565721   260225.073139165150   -28786.216661313374        37.937        5 
    350.756362581   1.1341407599131508    1.8894148474600347    0.9583013747265989   -169458.751291033026   253309.749061109265   -28584.843676659264        37.860        5 
    350.756709988   1.1402779706427875    1.9091762286517604    0.9513305561611227   -177780.814770208381   246352.480042674579   -28337.801649368790        37.762        5 
    350.757057211   1.1466122020171696    1.9287092231749763    0.9443584605407720   -185107.574400847952   239452.793227276939   -28066.801215927553        37.646        5 
    350.757404606   1.1531455199553156    1.9480309845515886    0.9373770974638920   -191517.681390458456   232647.902643767971   -27720.894921809449        37.511        5 
    350.757751829   1.1598665515281288    1.9671185682603514    0.9303930150873233   -197173.893213530944   226045.570105514635   -27343.805441791817        37.370        5 
    350.758099051   1.1667740730507532    1.9859797259550109    0.9234018538167298   -202123.255558895558   219629.496212035767   -26943.804700781722        37.219        5 
    350.758446273   1.1738635048422030    2.0046124471050892    0.9164028726812025   -206477.757581486687   213424.331474969949   -26529.058561135986        37.064        5 
    350.758793495   1.1811302822393792    2.0230151031467680    0.9093953880974114   -210281.226105024631   207420.255791871081   -26061.566161260882        36.901        5 
    350.759140718   1.1885698283964088    2.0411864504311814    0.9023786680091564   -213626.874312725471   201581.258621765242   -25563.908397338309        36.733        5 
    350.759488125   1.1961816183725484    2.0591348493933777    0.8953483119496816   -216544.732597008056   195941.475871335249   -25060.657839316904        36.561        5 
    350.759835521   1.2039573004255328    2.0768501785034541    0.8883072608138780   -219090.824069146125   190464.825381692499   -24539.935788971474        36.384        5 
    350.760182928   1.2118923825515078    2.0943321564521962    0.8812547873759170   -221242.806790941948   185098.643328398903   -24025.618193965609        36.196        5 
    350.760530150   1.2199781530736153    2.1115718823177190    0.8741938393189398   -223076.351035964850   179890.487825329910   -23500.020607460916        36.003        5 
    350.760877373   1.2282143322895753    2.1285788089322955    0.8671200056147070   -224570.508071654243   174828.038761583215   -22964.310974256019        35.802        5 
    350.761224769   1.2366009728548479    2.1453621535136929    0.8600288531699997   -225780.664659576461   169835.967575869669   -22415.963150697658        35.591        5 
    350.761572176   1.2451295209981441    2.1619137904367465    0.8529233102678924   -226713.045672401960   164999.052053674794   -21910.441450481958        35.375        5 
    350.761919583   1.2537957703035760    2.1782347226683738    0.8458026053723718   -227386.774084192846   160270.920887122717   -21372.002973834358        35.151        5 
    350.762266806   1.2625909262307089    2.1943178815505728    0.8386697202153193   -227774.950546271109   155632.469949508202   -20878.545062201476        34.916        5 
    350.762614201   1.2715200674512581    2.2101814034372040    0.8315164254107640   -227984.269567809300   151105.568104018981   -20366.220829568061        34.677        5 
    350.762961424   1.2805698579709313    2.2258103966224034    0.8243493714124587   -227937.156597754307   146677.889432716329   -19893.969218224520        34.428        5 
    350.763308831   1.2897457907249807    2.2412228876374991    0.8171602977799824   -227706.044239966781   142380.802631097555   -19388.041466020877        34.175        5 
    350.763656227   1.2990393067794810    2.2564125822079184    0.8099521282146820   -227268.098044747225   138129.003525046457   -18936.926987796993        33.913        5 
    350.764003634   1.3084465932209171    2.2713815362529672    0.8027240325863592   -226653.710317211749   134007.306285474828   -18465.893017206370        33.645        5 
    350.764350856   1.3179589668378648    2.2861242781942743    0.7954789226352558   -225883.041241620405   129971.862493375869   -18031.385718006117        33.373        5 
    350.764698079   1.3275776523220009    2.3006509432198592    0.7882121957425567   -224976.346524629625   126046.090327233862   -17592.519498609763        33.098        5 
    350.765045475   1.3373041947891309    2.3149713068931708    0.7809191746657194   -223899.435119220521   122183.748646092252   -17158.624319825554        32.814        5 
    350.765392882   1.3471301323882983    2.3290802014795764    0.7736027234267725   -222696.002800694725   118397.195630271162   -16773.806708379489        32.527        5 
    350.765740289   1.3570520724212924    2.3429801621977560    0.7662619175900651   -221365.493377423874   114712.945272818935   -16366.637381073830        32.236        5 
    350.766087512   1.3670614698841832    2.3566667316487280    0.7588996846367577   -219920.869431837724   111119.330561304261   -15984.890552655459        31.942        5 
    350.766434907   1.3771655237193696    2.3701568256485830    0.7515073828751655   -218384.498797280277   107590.662445052119   -15601.190827668892        31.645        5 
    350.766782130   1.3873505784841762    2.3834391085699846    0.7440916903357072   -216734.387674096215   104161.338813473267   -15233.261016909630        31.345        5 
    350.767129537   1.3976241553136399    2.3965301613740881    0.7366439008853798   -214996.032095743751   100789.003479681764   -14880.216046506772        31.041        5 
    350.767476933   1.4079780212135857    2.4094258070316190    0.7291668148599451   -213145.051454558386    97519.253152128484   -14532.485115634132        30.734        5 
    350.767824155   1.4184037971211672    2.4221222820866046    0.7216632576083870   -211253.663791326020    94293.172335455019   -14197.203072537974        30.428        5 
    350.768171563   1.4289095330400134    2.4346356621544691    0.7141243319099461   -209272.217085531418    91170.874047586796   -13884.424443814074        30.119        5 
    350.768518785   1.4394815338038887    2.4469557308981451    0.7065567343934817   -207233.242281429440    88087.730748834991   -13551.970115862016        29.809        5 
    350.768866181   1.4501281561080790    2.4590981774711769    0.6989514118199543   -205122.203103290231    85125.057325850357   -13231.542803401273        29.498        5 
    350.769213588   1.4608413252690984    2.4710593956145006    0.6913111168194549   -202967.898136345582    82196.769744181162   -12938.036031543423        29.186        5 
    350.769560995   1.4716185010675564    2.4828422210055252    0.6836345540835294   -200740.047176601394    79376.421069591262   -12627.813951107426        28.873        5 
    350.769908218   1.4824515870517172    2.4944434992818891    0.6759245075242206   -198482.034567444993    76603.654303774907   -12376.632042059093        28.561        5 
    350.770255613   1.4933494975984472    2.5058781310440752    0.6681715736977277   -196188.062372638466    73898.848516173064   -12100.571420529144        28.249        5 
    350.770602836   1.5042985859885842    2.5171370233936927    0.6603824786491987   -193856.947360512102    71254.885759324083   -11846.435560340877        27.938        5 
    350.770950243   1.5153080117532252    2.5282346991465046    0.6525476654451569   -191489.897257672885    68710.511247956572   -11582.330671605538        27.627        5 
    350.771297639   1.5263699350014348    2.5391680037299773    0.6446697351585036   -189092.876041792100    66223.717312925291   -11347.846634490430        27.318        5 
    350.771644861   1.5374764463658950    2.5499341243718532    0.6367512514584716   -186675.444260196469    63815.678281448665   -11103.528476179461        27.009        5 
    350.771992269   1.5486370883252885    2.5605469801692564    0.6287824317359306   -184235.759413763444    61452.968632178687   -10844.505864820952        26.702        5 
    350.772339491   1.5598382580000105    2.5709982106399072    0.6207698883637386   -181793.454512777156    59173.959737157544   -10609.991764388280        26.398        5 
    350.772686887   1.5710897063115068    2.5813013412246462    0.6127036102095700   -179327.467753171979    56964.976429540468   -10404.751992429199        26.095        5 
    350.773034294   1.5823837729576644    2.5914535165331096    0.6045859399899398   -176865.646054073935    54823.137093589925   -10194.907371049710        25.795        5 
    350.773381701   1.5937186440222282    2.6014573136320553    0.5964150801634580   -174401.295436562476    52745.958648086045    -9974.372489111658        25.498        5 
    350.773729097   1.6050925907465956    2.6113152647512683    0.5881891138681652   -171918.294532575383    50726.222820263451    -9800.021713677459        25.201        5 
    350.774076319   1.6164979791181731    2.6210248711129229    0.5799103426228416   -169443.333791062469    48764.183290444140    -9618.857431189717        24.908        5 
    350.774423542   1.6279390897105077    2.6305937428610466    0.5715724633975531   -166976.411488021840    46882.965843271013    -9408.614221174787        24.619        5 
    350.774770949   1.6394203325836305    2.6400292039302862    0.5631689298887524   -164525.084676586266    45069.514734802120    -9227.147128293363        24.334        5 
    350.775118345   1.6509342242637275    2.6493285831913447    0.5547017978248443   -162061.170233590849    43362.503827238223    -9024.129608413052        24.050        5 
    350.775465567   1.6624732663640600    2.6584895115408136    0.5461731980772901   -159598.687608456123    41722.427086409851    -8934.521064732435        23.770        5 
    350.775812975   1.6740480517287906    2.6675238064540294    0.5375718138440204   -157149.119841675420    40147.823416299572    -8913.122547932326        23.494        5 
    350.776160197   1.6856451456502344    2.6764243148493501    0.5289040253114156   -154734.590985882620    38606.719388692727    -8502.772652385451        23.220        5 
    350.776507593   1.6972752850387851    2.6852025139004603    0.5201581671265225   -152384.191524170514    36954.102754897693    -8219.561734179653        22.952        5 
    350.776855000   1.7089311447936248    2.6938559029285143    0.5113359255040008   -150061.162780883024    35349.670322204212    -8217.567721935782        22.689        5 
    350.777202222   1.7206053832473300    2.7023821971794577    0.5024390592701886   -147720.756073398923    33810.257006553031    -7991.786967731627        22.425        5 
    350.777549618   1.7323089438161652    2.7107923269175664    0.4934552572469020   -145392.931722457579    32449.581933954549    -7782.388870299088        22.167        5 
    350.777897025   1.7440345836004889    2.7190838622809270    0.4843859236950079   -143091.886633785034    31137.665445689221    -7597.249789051915        21.914        5 
    350.778244248   1.7557750382059869    2.7272545589393333    0.4752325282749350   -140812.999413209065    29841.676037394929    -7468.221587576787        21.663        5 
    350.778591655   1.7675414446735878    2.7353148586240432    0.4659820538997420   -138557.017782723065    28622.589846589413    -7352.781440175022        21.417        5 
    350.778939051   1.7793266336025810    2.7432623704048078    0.4566355344831146   -136318.053192675812    27500.634365413920    -7135.611398683661        21.175        5 
    350.779286273   1.7911234315364744    2.7510948670985083    0.4471941070714627   -134138.797810026532    26334.296944757290    -6909.135127067046        20.937        5 
    350.779633681   1.8029431242639651    2.7588223257929738    0.4376438973945059   -131993.864182440680    25238.015343854728    -6707.313509211730        20.705        5 
    350.779980903   1.8147724403578949    2.7664384303709149    0.4279905976607591   -129850.968418591103    24115.537162335007    -6581.573828515524        20.474        5 
    350.780328299   1.8266227976049212    2.7739528359282128    0.4182197131383205   -127756.925566284917    23082.217269218891    -6379.662325375000        20.248        5 
    350.780675706   1.8384871191135614    2.7813631829174361    0.4083315437724284   -125696.838186372319    22059.519405892832    -6252.889484339856        20.027        5 
    350.781022928   1.8503583569051993    2.7886673174820311    0.3983264464553373   -123638.807959155427    21044.421362341862    -6152.999320964853        19.807        5 
    350.781370324   1.8622480384368056    2.7958744139805995    0.3881887839979342   -121657.204842125153    20081.824678228179    -6048.433858579268        19.595        5 
    350.781717731   1.8741491723943307    2.8029821407960371    0.3779182915132731   -119662.370875648427    19175.323824296029    -5864.770286495019        19.383        5 
    350.782064954   1.8860547727157830    2.8099883445634659    0.3675146712978757   -117733.916926098143    18212.081166305179    -5813.138065376854        19.178        5 
    350.782412361   1.8979764810441742    2.8169017569730377    0.3569610230981726   -115819.687248065107    17332.326502962074    -5780.580952776720        18.975        5 
    350.782759757   1.9099073652672394    2.8237200631044459    0.3462563348761033   -113936.974711790943    16521.112956126704    -5752.151389142255        18.777        5 
    350.783106979   1.9218404928486486    2.8304411161775604    0.3353995487923196   -112065.540568923403    15744.009309261244    -5688.086770485823        18.581        5 
    350.783454387   1.9337876090543651    2.8370731749949578    0.3243722513817581   -110259.970511611347    14945.213115830604    -5665.402482842941        18.391        5 
    350.783801609   1.9457356241589605    2.8436105752184875    0.3131783980294693   -108452.963761575855    14210.127613020948    -5540.637195492323        18.202        5 
    350.784149005   1.9576963412206854    2.8500612870702091    0.3017983793314132   -106699.934693557909    13500.955774915088    -5435.326501762729        18.019        5 
    350.784496412   1.9696629083609876    2.8564230037414164    0.2902294953673162   -104975.543514302888    12813.990188938802    -5358.101594947699        17.839        5 
    350.784843634   1.9816285074515543    2.8626935602336632    0.2784690988515180   -103259.511655698210    12150.751699436933    -5255.229095610826        17.660        5 
    350.785191030   1.9936050194364705    2.8688804965056152    0.2664954649783783   -101597.901719646878    11484.529222756206    -5193.034962874104        17.488        5 
