Decimal day (2020)             r / R_J       theta / radians         phi / radians               B_r / nT              B_t / nT              B_p / nT    Error / nT    Range 
    260.053863438   1.9878672363934100    0.4869019348468719    0.2491042964118038     77507.050658094013    32185.178695525356    -4439.541972562996        10.964        4 
    260.054210660   1.9757397056560759    0.4814190616722625    0.2366840660860912     79151.544531325082    32670.643118383585    -4440.865112506483        11.134        4 
    260.054558056   1.9636087758790173    0.4758875550617639    0.2240148392246051     80834.153822417720    33172.299433264816    -4432.915195797030        11.309        4 
    260.054905463   1.9514813271537061    0.4703106282005165    0.2110906962903407     82565.965482663072    33683.620624265590    -4417.171678963767        11.488        4 
    260.055252685   1.9393642716636463    0.4646916949356762    0.1979054351267041     84334.982961829592    34204.658568879633    -4394.294029213361        11.671        4 
    260.055600081   1.9272455622743423    0.4590254733127036    0.1844313311144410     86160.686916066596    34738.227210115569    -4358.507679118806        11.860        4 
    260.055947488   1.9151321492657614    0.4533155836308165    0.1706602548728234     88026.196222421931    35285.254958878417    -4317.831302681629        12.053        4 
    260.056294711   1.9030309788771143    0.4475658662303012    0.1565836908555358     89930.523924437337    35846.887464099767    -4262.242975766600        12.251        4 
    260.056642118   1.8909301026855412    0.4417713019817325    0.1421699863350781     91891.441439774673    36421.491714704360    -4202.022340752699        12.454        4 
    260.056989514   1.8788365382158947    0.4359360472502238    0.1274082735403823     93904.848951397464    37004.710385948259    -4111.867886729713        12.662        4 
    260.057336736   1.8667572678844060    0.4300644774513655    0.1122871186672204     95961.234020837102    37607.602554800229    -4018.676624564018        12.875        4 
    260.057684144   1.8546804854191414    0.4241520255219827    0.0967700689597394     98081.451367875532    38219.766186438865    -3893.204538322252        13.094        4 
    260.058031366   1.8426195212753280    0.4182066086388139    0.0808511489330265    100245.725262811364    38855.842162540750    -3753.009601741559        13.318        4 
    260.058378762   1.8305626059717894    0.4122240237726024    0.0644900858490434    102472.494379552343    39492.499405557668    -3598.954024788749        13.548        4 
    260.058726169   1.8185168542993821    0.4062096590423036    0.0476697342678194    104782.513710548155    40149.623325724766    -3418.163075905749        18.473        5 
    260.059073391   1.8064893747377695    0.4001692572837988    0.0303721072996335    107110.382808381924    40807.970089150389    -3209.424021364212        18.713        5 
    260.059420787   1.7944685439147612    0.3940994444482676    0.0125501761492198    109534.083779616863    41514.730461178769    -2967.340569618523        18.964        5 
    260.059768194   1.7824615458641053    0.3880066780524861    6.2773670970055253    111986.344099994589    42229.280808952622    -2689.158524145535        19.218        5 
    260.060115417   1.7704755648902575    0.3818978635467790    6.2584290673948493    114517.852795368424    42950.175888154452    -2395.658004459652        19.480        5 
    260.060462813   1.7584991060529318    0.3757708294888097    6.2388661922687003    117110.780156294422    43679.649335734117    -2030.004378191750        19.747        5 
    260.060810220   1.7465394530824834    0.3696334343218845    6.2186502158663455    119750.012887695717    44436.758326651405    -1647.754635081990        20.021        5 
    260.061157442   1.7346038502411110    0.3634941520990582    6.1977517446062089    122504.738198652572    45191.440899719077    -1215.094046203895        20.305        5 
    260.061504850   1.7226809785967501    0.3573524777841164    6.1761057894130600    125289.351064533592    45963.376504291387     -730.356932440591        20.592        5 
    260.061852072   1.7107843770288076    0.3512213790280216    6.1536889890440447    128183.453145006060    46752.789240599224     -169.048318228919        20.891        5 
    260.062199468   1.6989028284755381    0.3451018349286829    6.1304290847592000    131132.905774123763    47567.114904416223      428.053763766115        21.196        5 
    260.062546875   1.6870437652971260    0.3390052242001398    6.1062856868760926    134168.202484076668    48377.540452761619     1114.106139795724        21.509        5 
    260.062894097   1.6752145990254572    0.3329438581579047    6.0812172767726809    137283.155519332358    49219.103633976767     1852.241425274387        21.832        5 
    260.063241493   1.6634042951229833    0.3269215623339284    6.0551400274217135    140471.860355513432    50020.374519927449     2697.827204372312        22.160        5 
    260.063588900   1.6516204013407316    0.3209528114413136    6.0280061048627314    143766.416533483338    50863.773392125906     3623.965309749463        22.501        5 
    260.063936123   1.6398704072503867    0.3150531853065971    5.9997673027109437    147135.074676773802    51683.714079218589     4652.013092443744        22.848        5 
    260.064283519   1.6281435179724795    0.3092303972516817    5.9703287716068889    150575.823061755393    52519.573204786720     5758.812039278866        23.204        5 
    260.064630926   1.6164473934304091    0.3035028944125015    5.9396375707057842    154131.425280728348    53330.555283332702     7000.274266050237        23.571        5 
    260.064978148   1.6047896173098466    0.2978904770326160    5.9076423103244728    157794.309562301030    54116.267949219073     8360.921537854112        23.949        5 
    260.065325556   1.5931596596625399    0.2924058878615953    5.8742410781202876    161535.588963393006    54889.836268589643     9849.309953733522        24.336        5 
    260.065672778   1.5815712877655705    0.2870752276845418    5.8394010690464082    165397.413014262071    55618.809924152738    11453.804852563277        24.734        5 
    260.066020174   1.5700141573936055    0.2819152157000992    5.8030208246976231    169338.067869680759    56304.699945717926    13246.969749035612        25.141        5 
    260.066367581   1.5584960767518385    0.2769529348292574    5.7650572794817858    173418.985851759557    56951.806905526413    15170.250784094991        25.563        5 
    260.066714803   1.5470248732158804    0.2722170493946627    5.7254771407088434    177592.315138968639    57503.064676805152    17236.188741449419        25.993        5 
    260.067062199   1.5355904707342725    0.2677308679346312    5.6841941347394105    181889.930949186964    57991.490091150496    19510.375113996597        26.437        5 
    260.067409606   1.5242008447822282    0.2635271617025587    5.6411955966703271    186298.138518586522    58390.741913683552    21932.908433750723        26.893        5 
    260.067756829   1.5128639040096039    0.2596399210998657    5.5964879400808032    190820.491349471326    58649.933604561411    24541.105308655497        27.360        5 
    260.068104225   1.5015699555652853    0.2560987868945835    5.5500264437977442    195491.512839558127    58780.310528635266    27325.555295235194        27.843        5 
    260.068451632   1.4903270786364478    0.2529409182937006    5.5018585839477945    200287.463855965063    58764.486689882622    30269.501041287913        28.338        5 
    260.068798854   1.4791433411477455    0.2502036563184006    5.4520617700218459    205210.790300240333    58551.163324819507    33395.127161211851        28.846        5 
    260.069146262   1.4680093989905048    0.2479206028123840    5.4006643685251010    210287.348538112128    58161.853178569385    36714.720263467112        29.372        5 
    260.069493657   1.4569334983941207    0.2461296567558491    5.3478039379598599    215506.736982227361    57554.059655466735    40166.685681580209        29.911        5 
    260.069840880   1.4459238198558484    0.2448668645157883    5.2936537993462380    220866.782020243409    56697.626590721615    43794.756642982567        30.466        5 
    260.070188287   1.4349714453529208    0.2441648933562073    5.2383346338649242    226393.241467523825    55604.054181615182    47534.474259200171        31.039        5 
    260.070535509   1.4240904183617520    0.2440560901566672    5.1821113727811330    232080.572015280806    54242.254030068507    51375.942952148500        31.628        5 
    260.070882905   1.4132721139469910    0.2445689188461509    5.1251593423414690    237940.345454476337    52628.065889829842    55320.741519174058        32.236        5 
    260.071230313   1.4025250053804335    0.2457284182989826    5.0677623051348952    243976.107420191052    50744.703870197423    59314.760073342186        32.863        5 
    260.071577535   1.3918575547555598    0.2475539421782868    5.0102184963661420    250191.008559818700    48603.439057733238    63321.367501850473        33.508        5 
    260.071924931   1.3812615899321590    0.2500631311828039    4.9527414310524529    256606.201022099354    46158.092977737106    67358.857615933419        34.175        5 
    260.072272338   1.3707457730030512    0.2532659625124899    4.8956313236003828    263224.864326704876    43429.826676221513    71427.498086180247        34.865        5 
    260.072619560   1.3603186410565009    0.2571659893441778    4.8391759537061159    270068.682935422810    40441.635875880100    75477.673157638244        35.579        5 
    260.072966956   1.3499726090334037    0.2617681949957598    4.7835558525941622    277132.039772672986    37230.553488372811    79505.184993679446        36.317        5 
    260.073314363   1.3397164673356476    0.2670671984244600    4.7290147540730718    284478.116844445292    33783.612808014441    83431.070920326369        37.085        5 
    260.073661586   1.3295588871790085    0.2730521054000298    4.6757645229321376    292078.146206441510    30085.099594275263    87418.791732445403        37.883        5 
    260.074008993   1.3194928511487738    0.2797181708390383    4.6239021858669425    299960.806511774252    26161.779516531664    91324.816181570262        38.711        5 
    260.074356215   1.3095324414624603    0.2870446324648480    4.5736010927813391    308155.473219111969    22043.875790852413    95219.036218446534        39.575        5 
    260.074703611   1.2996710045743889    0.2950231305720996    4.5248964715955982    316722.506057437568    17761.296174763454    99143.699914803117        40.482        5 
    260.075051019   1.2899175564209768    0.3036324423902480    4.4778724897690187    325740.099257473834    13219.982881655873   102849.536280149463        41.432        5 
    260.075398241   1.2802810036264591    0.3128489996452641    4.4325827389786063    335162.626130848075     8428.149959046030   106743.808537064120        42.432        5 
    260.075745637   1.2707553109529826    0.3226632588716304    4.3889868660971256    345127.194411822711     3242.036556149164   110533.363772259356        43.488        5 
    260.076092859   1.2613544741119720    0.3330457117661909    4.3471170929262586    355672.713927284873    -2112.948101016751   114350.869824814843        44.608        5 
    260.076440266   1.2520728870930635    0.3439880845534532    4.3069002174805391    366877.339456141868    -7709.172907216576   118172.847801060168        45.799        5 
    260.076787662   1.2429197698523851    0.3554664400083137    4.2683158782821042    378821.370047269273   -13611.985540313224   122030.929182602471        47.069        5 
    260.077135069   1.2338994682431634    0.3674627027660942    4.2313115901061851    391598.809505966667   -19918.453605516974   125930.324877079678        67.171        6 
    260.077482292   1.2250210222008220    0.3799529157782927    4.1958458423669276    405314.399603654747   -26434.463533570059   129940.564308989182        68.633        6 
    260.077829699   1.2162796987932663    0.3929335894401740    4.1618172587494282    420209.321588726016   -33167.748266291193   133968.460992611712        70.217        6 
    260.078176921   1.2076892129213321    0.4063755190011368    4.1291940004183214    436205.592212253250   -40200.717557514145   137952.804101524816        71.914        6 
    260.078524144   1.1992496578016574    0.4202705460540738    4.0978894533495289    453613.307968080684   -47411.273612763398   142011.834923534305        73.756        6 
    260.078871539   1.1909614844996768    0.4346121916419842    4.0678197252397634    472429.930980800942   -54914.505621306802   146076.615002941457        75.741        6 
    260.079218762   1.1828381332486557    0.4493722766791322    4.0389483901337124    492982.697050788440   -62501.812516525853   150094.505918043462        77.898        6 
    260.079565984   1.1748800983991334    0.4645455938138759    4.0111934819428043    515387.788286454626   -70203.790102375904   154013.017399522651        80.235        6 
    260.079913206   1.1670923074966786    0.4801202142573959    3.9844911822474414    539657.619413378765   -77779.995794258022   157746.000916517078        82.747        6 
    260.080260613   1.1594757922054160    0.4960931739428140    3.9587670559549077    566152.931961608352   -85190.949852824706   161209.621966670937        85.466        6 
    260.080607836   1.1520434527366312    0.5124369577159339    3.9339893349584738    594854.325953550404   -92356.496196795255   164366.228236986441        88.389        6 
    260.080955231   1.1447925974685647    0.5291581102115769    3.9100765231161700    625860.616008229204   -99061.550234757015   166986.096944892488        91.516        6 
    260.081302454   1.1377357885699273    0.5462290514799325    3.8870008848766093    659544.136627228232  -105016.073708479671   168939.208490893769        94.876        6 
    260.081649861   1.1308707024939153    0.5636576819424091    3.8646885967042426    695669.209079450695  -110198.734847662097   170074.793244539527        98.446        6 
    260.081997257   1.1242061417105522    0.5814254968464045    3.8431050793453081    734658.125649391557  -114096.399482525187   170049.436296098400       102.254        6 
    260.082344479   1.1177503855939137    0.5995133711431936    3.8222169879519159    776354.730535651557  -116475.193104527425   168851.052463818341       106.287        6 
    260.082691887   1.1115017334622384    0.6179306632538556    3.8019612764865545    820827.777307861135  -116856.889920653834   165950.030445102107       110.542        6 
    260.083039109   1.1054716329309833    0.6366486519646539    3.7823203498200058    867954.216937873513  -114609.849199324322   161379.728127913433       115.011        6 
    260.083386505   1.0996586796235088    0.6556772734730012    3.7632375109546308    917502.338687450276  -109065.852659147175   154836.626735428639       119.672        6 
    260.083733912   1.0940709159866313    0.6749971930668005    3.7446891708635008    968904.975401935866   -99829.648297266336   146441.901472343132       124.485        6 
    260.084081319   1.0887130817626927    0.6945985813801040    3.7266436305060604   1021726.617204539943   -85420.752708531392   135415.309634240723       129.407        6 
    260.084428542   1.0835924110444246    0.7144610334427041    3.7090801997789251   1074873.283730454510   -65738.284610598930   122594.624451462703       134.371        6 
    260.084775937   1.0787081179887217    0.7345950450928252    3.6919528233153183   1127287.274483123794   -40109.233433233108   107853.433372689062       139.302        6 
    260.085123160   1.0740696812767034    0.7549691900551901    3.6752534035126430   1177770.873684563674    -8096.085502572241    91597.589560808381       144.123        6 
    260.085470567   1.0696765204377381    0.7755940108125563    3.6589402348069480   1224891.048675881699    30497.031545422273    74314.198316866998       148.740        6 
    260.085817963   1.0655352104541960    0.7964479193237438    3.6429994088744633   1267520.961842066143    75687.745713899611    56448.984468715149       153.091        6 
    260.086165185   1.0616516545200909    0.8175086343562096    3.6274176694825608   1304047.399169740267   127114.633813793655    38589.919394361670       157.068        6 
    260.086512593   1.0580255134170500    0.8387864595412025    3.6121588676636436   1333495.835136795882   184547.869980277494    21202.633090840594       160.625        6 
    260.086859815   1.0546640998101178    0.8602473600693185    3.5972202503554755   1354530.208009116817   247551.135190657806     4659.255258773046       163.686        6 
    260.087207211   1.0515672328506045    0.8819014843277287    3.5825687516601907   1365854.081920615397   315763.050438551116   -11082.441530840064       166.181        6 
    260.087554618   1.0487397959423612    0.9037251690933602    3.5681958303769168   1365700.580392843811   388073.050762468833   -25743.172276933794       167.989        6 
    260.087902025   1.0461846327481594    0.9257056203650026    3.5540860996227277   1352043.221996597946   463000.405576460471   -39753.223460563517       168.957        6 
    260.088249421   1.0439043077337828    0.9478297466308936    3.5402250823014558   1323305.205855916487   538472.564839611063   -53075.549099870434       168.955        6 
    260.088596644   1.0419021135313873    0.9700726110527179    3.5266062450291016   1278262.470915088197   611103.609244828345   -65558.851083988789       167.825        6 
    260.088943866   1.0401787997046894    0.9924321481460967    3.5132095837750983   1216575.207532075467   677640.035910602077   -76992.579570402391       165.461        6 
    260.089291273   1.0387354473031860    1.0149063376213474    3.5000162462369668   1139282.266152797733   734022.641235791729   -86698.080539626128       161.796        6 
    260.089638669   1.0375744387768497    1.0374696204601743    3.4870219897253940   1048924.145408076001   776502.348048038082   -94222.237138765457       156.839        6 
    260.089985891   1.0366973160455191    1.0600961278431391    3.4742227684479849    949980.208557620412   802494.661396866199   -98855.947772071406       150.742        6 
    260.090333299   1.0361040258880454    1.0827952502572378    3.4615952399057113    847990.739031925099   810897.620281031705  -100026.242912116373       143.750        6 
    260.090680521   1.0357956818475367    1.1055291612193758    3.4491430674886145    748738.050414939877   803157.999642149545   -98188.009898014279       136.236        6 
    260.091027917   1.0357721862610423    1.1283072603450934    3.4368443744187238    656411.183081012918   782521.711472018156   -93644.040688381268       128.562        6 
    260.091375324   1.0360336779052646    1.1511035186012901    3.4246972358113390    573648.572828086792   752525.556876027957   -87273.213048403588       121.022        6 
    260.091722546   1.0365793884514363    1.1738918571802035    3.4126998963363437    501575.266055244894   716740.512632402591   -79865.081310047201       113.842        6 
    260.092069769   1.0374086489475680    1.1966701194673321    3.4008384696049343    440007.076708238572   678106.068590180948   -71970.742290868409       107.152        6 
    260.092416991   1.0385204745142707    1.2194244109772094    3.3891058161431165    388117.211957921972   638793.903986121644   -64107.500256014857       101.018        6 
    260.092764213   1.0399134998919142    1.2421410379501665    3.3774952079990173    344965.144607634051   600363.672361299046   -56354.570006942180        95.468        6 
    260.093111435   1.0415861558177426    1.2648065181142154    3.3660002485858023    309195.738952013664   563852.617227235227   -48781.749687438605        90.489        6 
    260.093458831   1.0435375976042893    1.2874194082218546    3.3546089786458690    279869.545140457514   529892.612429885892   -41620.522545652901        86.069        6 
    260.093806238   1.0457648773652837    1.3099549955564422    3.3433216704267132    255979.794261030969   498970.072016214428   -34656.001845431558        82.185        6 
    260.094153461   1.0482641756385562    1.3323890861025498    3.3321386626904084    236470.784883777989   471302.656282926910   -28100.818017940022        78.803        6 
    260.094500856   1.0510354003782603    1.3547328506786993    3.3210431223121457    220482.782120985154   447065.734577635361   -21652.091374275326        75.893        6 
    260.094848079   1.0540727251578259    1.3769513143691163    3.3100416766138672    207132.844799386279   426133.324267471500   -15634.485326207403        73.405        6 
    260.095195301   1.0573743750006499    1.3990448188659588    3.2991238513616263    195684.219971381419   408445.003362569085    -9899.950461333141        71.300        6 
    260.095542523   1.0609369633910188    1.4210025456371762    3.2882852078889173    185506.107515135023   393846.435243473097    -4561.348088124461        69.536        6 
    260.095889745   1.0647569197409092    1.4428141466141038    3.2775215199268302    175974.946252986672   381749.595123990497      511.719786396814        68.035        6 
    260.096236968   1.0688304624633687    1.4644697794364816    3.2668287401704226    166618.107825712708   372048.415104328073     5114.304068406651        66.768        6 
    260.096584375   1.0731559863731888    1.4859712978353179    3.2561975286885754    156996.946221997030   364277.996317894955     9261.379209450679        65.677        6 
    260.096931771   1.0777273198417243    1.5072985715532132    3.2456298033861137    147058.365375467751   357915.400498353818    12951.166613512087        64.716        6 
    260.097279178   1.0825401944752797    1.5284433439583980    3.2351220678565005    136707.830556467175   352613.147915677982    16084.315950647888        63.853        6 
    260.097626400   1.0875875755697337    1.5493870589517340    3.2246764322215622    125888.134295388125   348236.280168886413    18676.625622294770        44.334        5 
    260.097973623   1.0928673774712268    1.5701336215710529    3.2142842198121118    114501.268117966654   344448.281360388559    20787.116558858335        43.615        5 
    260.098320845   1.0983750456613646    1.5906764319140574    3.2039423846270445    102566.987345478556   341081.170126221667    22410.163494152723        42.945        5 
    260.098668067   1.1041058806336270    1.6110094512990065    3.1936480598597958     90075.847378183782   337885.163018063176    23536.422421188850        42.306        5 
    260.099015289   1.1100551440834714    1.6311271381384655    3.1833984504594564     77095.821005381207   334638.321222133876    24247.788570010398        41.685        5 
    260.099362512   1.1162180272181157    1.6510245096934182    3.1731909010502379     63737.196436337908   331144.496008942719    24594.455282141993        41.071        5 
    260.099709907   1.1225930343968165    1.6707072946258876    3.1630176046993643     50119.699374539836   327230.101528445433    24639.691004704750        40.456        5 
    260.100057130   1.1291686357721678    1.6901510121755121    3.1528867058194998     36468.448886407881   322839.951251343708    24478.736721825037        39.842        5 
    260.100404352   1.1359431807636635    1.7093624962096616    3.1427905783651182     22976.084432649219   317837.770256050397    24070.750949341051        39.219        5 
    260.100751574   1.1429117575132819    1.7283387455189945    3.1327269826504067      9791.370337294706   312234.292835996021    23518.245252609147        38.589        5 
    260.101098981   1.1500731959188981    1.7470869306006078    3.1226885682732242     -2880.598339632168   306124.875656494347    22855.323336936068        37.961        5 
    260.101446204   1.1574151105844577    1.7655853937923756    3.1126837246741004    -14953.493820786069   299548.399172616017    22107.670374018246        37.336        5 
    260.101793600   1.1649402534527760    1.7838517378902559    3.1027000426182956    -26295.219135813386   292574.021962068102    21293.845483300665        36.715        5 
    260.102140822   1.1726359066163954    1.8018656688381003    3.0927460185122473    -36842.963149920120   285360.621153025015    20425.816448581951        36.109        5 
    260.102488229   1.1805052434005334    1.8196450276577190    3.0828094832045800    -46613.551866434369   277974.363860258658    19520.835503987837        35.517        5 
    260.102835637   1.1885394818972901    1.8371798286288090    3.0728938359656377    -55600.109778908096   270495.707065025636    18609.119585022410        34.942        5 
    260.103183032   1.1967338747609284    1.8544698739980032    3.0629974143760790    -63811.706123195545   262986.853190080088    17685.768949302448        34.384        5 
    260.103530255   1.2050793165447342    1.8715064762777724    3.0531237037704688    -71282.120883306648   255557.812761196052    16771.888973189009        33.849        5 
    260.103877477   1.2135753997204679    1.8882991090168724    3.0432659773486952    -78074.824880372296   248238.256228672457    15852.058407516080        33.336        5 
    260.104224884   1.2222221008264602    1.9048570188845912    3.0334176197361633    -84216.101387229894   241045.051357566059    14948.711347165437        32.842        5 
    260.104572280   1.2310105099821189    1.9211723739271283    3.0235822772226109    -89798.137180287187   234061.223993268795    14061.783070517387        32.374        5 
    260.104919688   1.2399361833905636    1.9372463606196761    3.0137585715797619    -94834.518153336408   227225.942283578246    13196.565036443357        31.923        5 
    260.105266910   1.2489900505912350    1.9530722301320151    3.0039502134154255    -99410.382447878976   220635.408843970043    12374.199852108653        31.497        5 
    260.105614132   1.2581724292527481    1.9686600338575366    2.9941507793623083   -103498.291721221627   214221.531877274334    11563.809035119964        31.085        5 
    260.105961528   1.2674840125870088    1.9840195189601826    2.9843538988475360   -107208.348230723364   208002.944052979117    10803.463188703983        30.691        5 
    260.106308935   1.2769159340378609    1.9991444953326429    2.9745634280008399   -110533.018476252371   201994.227745635610    10063.261227483457        30.314        5 
    260.106656331   1.2864641995479278    2.0140371069644596    2.9647781779948308   -113544.785954992927   196157.950762743130     9352.022144340666        29.950        5 
    260.107003553   1.2961197909856377    2.0286920609558745    2.9550020805183443   -116238.024183566478   190527.125825248833     8686.417286855642        29.602        5 
    260.107350961   1.3058889481800533    2.0431270462638600    2.9452238102165933   -118656.743922915484   185045.671302815725     8070.019320668776        29.263        5 
    260.107698183   1.3157577505062175    2.0573295254469763    2.9354524722430053   -120808.365933850611   179745.542815683759     7475.929250819630        28.936        5 
    260.108045590   1.3257328007442273    2.0713169331692196    2.9256768055773903   -122706.450465545771   174592.724117770413     6901.715051022729        28.617        5 
    260.108392986   1.3358054163884996    2.0850845192289116    2.9159008768237471   -124375.297034366333   169584.243086612958     6380.025590197460        28.306        5 
    260.108740394   1.3459721498980468    2.0986350583865789    2.9061236623626354   -125828.605200662423   164696.616408752365     5894.843749192900        28.001        5 
    260.109087616   1.3562242068532093    2.1119645227403634    2.8963492963754676   -127092.505446871073   159962.263283212582     5418.423625443887        27.704        5 
    260.109434838   1.3665635991107425    2.1250829109175315    2.8865717152078614   -128147.331014057680   155361.076774079964     5012.433498934595        27.412        5 
    260.109782234   1.3769925433942027    2.1379998459246852    2.8767849040232543   -129011.575342662574   150859.721419178793     4614.251237849086        27.122        5 
    260.110129641   1.3875025711004330    2.1507114180244402    2.8669930494544955   -129702.153544506757   146498.243089748867     4257.865367149338        26.837        5 
    260.110477037   1.3980906441293506    2.1632206380270191    2.8571952527388480   -130248.184093293050   142244.202542211278     3899.473558778460        26.557        5 
    260.110824259   1.4087482476263975    2.1755241887155927    2.8473957522581608   -130624.307750479580   138105.142717889394     3591.785253681745        26.279        5 
    260.111171667   1.4194836090064276    2.1876379285863057    2.8375834991283586   -130860.452121990034   134080.676329217298     3281.695140195974        26.005        5 
    260.111518889   1.4302827737644830    2.1995522968910781    2.8277678728593356   -130956.987318328655   130171.017071708426     3024.204114637723        25.733        5 
    260.111866296   1.4411543142646430    2.2112827604459224    2.8179378555367331   -130898.621312725358   126344.815842130745     2747.512776338939        25.461        5 
    260.112213519   1.4520842838059176    2.2228201638734104    2.8081028651239262   -130748.481275664613   122671.647626928185     2496.967005911771        25.197        5 
    260.112560914   1.4630815382571345    2.2341795601203387    2.7982518965536185   -130451.623102256053   119057.561721197009     2275.324986833686        24.929        5 
    260.112908137   1.4741321574941051    2.2453521359788682    2.7883944285181719   -130091.809192139539   115562.708925365107     2025.158718858562        24.668        5 
    260.113255359   1.4852394817597170    2.2563468883902691    2.7785245875539792   -129615.349676421334   112166.276639768839     1841.275202951590        24.408        5 
    260.113602581   1.4964011969006972    2.2671667877965338    2.7686416580165947   -129046.797427037105   108889.495519262564     1640.023716245472        24.152        5 
    260.113949803   1.5076150592897160    2.2778147953398071    2.7587449007927116   -128387.731107282860   105713.047910188761     1457.508001650494        23.898        5 
    260.114297211   1.5188847919921287    2.2882992741300523    2.7488284369677878   -127667.842519821250   102603.968375434997     1280.372138676074        23.646        5 
    260.114644433   1.5301965761084657    2.2986122008679990    2.7389018952132012   -126866.994425640441    99607.828294184219     1108.535854536720        23.396        5 
    260.114991829   1.5415601355396480    2.3087672068195215    2.7289542693421707   -126016.464700570796    96704.570986169841      963.445617828213        23.151        5 
    260.115339236   1.5529676412648874    2.3187617135986365    2.7189900108262894   -125109.021809450642    93876.181995936393      803.344189636053        22.908        5 
    260.115686458   1.5644112102800027    2.3285934531746859    2.7090136803669518   -124141.984322491437    91136.687741527989      667.934071321535        22.667        5 
    260.116033681   1.5758949248971119    2.3382704314053107    2.6990194377331864   -123127.871571713520    88493.360714921786      511.931995896572        22.429        5 
    260.116380903   1.5874170134885670    2.3477953750683245    2.6890066322140025   -122071.136324837484    85935.986209152106      363.866879254718        22.195        5 
    260.116728125   1.5989757570277128    2.3571709671640213    2.6789746140550887   -120999.836401391847    83461.380294339324      235.475497798347        21.965        5 
    260.117075521   1.6105755215877526    2.3664046235595473    2.6689175273982126   -119866.808816810575    81048.821565074104      106.093106600085        21.736        5 
    260.117422743   1.6222026377064307    2.3754893302173032    2.6588452204383657   -118712.777816602553    78732.605517076736       -9.087771681108        21.511        5 
    260.117770150   1.6338676363113609    2.3844371138175982    2.6487465809157471   -117536.531934211831    76478.167719741454     -138.084086078350        21.289        5 
    260.118117373   1.6455568849153706    2.3932411705841301    2.6386315184368709   -116343.113326862629    74296.098730247249     -239.947849775439        21.070        5 
    260.118464769   1.6572810947943466    2.4019131471460322    2.6284889048736213   -115144.303335647535    72161.822014336576     -369.990923609512        20.855        5 
    260.118812176   1.6690327633102908    2.4104508594457523    2.6183234096780676   -113905.026477043983    70125.644777987982     -475.227114375091        20.642        5 
    260.119159398   1.6808044112763938    2.4188523322972095    2.6081397456098796   -112693.784581290703    68146.682929873234     -561.750504530297        20.436        5 
    260.119506794   1.6926069672767603    2.4271286719914817    2.5979267324449236   -111417.759385708545    66210.591334136610     -659.839620888823        20.227        5 
    260.119854201   1.7044330475013536    2.4352777736553239    2.5876890941647450   -110171.559795761539    64335.958816375809     -766.124282046243        20.024        5 
    260.120201424   1.7162752320084591    2.4432977251710772    2.5774316125179704   -108892.177504193620    62546.005151418067     -847.961532552668        19.824        5 
    260.120548819   1.7281446952226713    2.4511990945234174    2.5671430454023882   -107642.257604663930    60787.758797757866     -941.287566521118        19.628        5 
    260.120896042   1.7400278953865598    2.4589758266148185    2.5568335466386301   -106368.910786312132    59090.262648135169    -1024.459839663796        19.434        5 
    260.121243449   1.7519361203714237    2.4666381323424038    2.5464918286978473   -105106.959101454035    57449.162293837144    -1102.664820007943        19.244        5 
    260.121590856   1.7638621127370095    2.4741840081401358    2.5361227166398548   -103847.639489740715    55860.895978363995    -1192.287524136933        19.058        5 
    260.121938079   1.7757986289475574    2.4816116514224742    2.5257310802681947   -102573.573659290472    54313.976233816284    -1258.047488507749        18.873        5 
    260.122285475   1.7877570913271414    2.4889307890960839    2.5153055670789142   -101314.380672316533    52820.032354710500    -1338.096412816623        18.692        5 
    260.122632882   1.7997303040030290    2.4961394787119335    2.5048510549905467   -100055.002458802963    51356.020316095186    -1407.100505610477        18.513        5 
    260.122980104   1.8117111009721565    2.5032359505905557    2.4943724927181457    -98822.069088898119    49959.215607021106    -1468.649127556942        13.652        4 
    260.123327500   1.8237110738528319    2.5102294702041736    2.4838584307038016    -97578.865399373462    48596.290393134179    -1530.751057752292        13.480        4 
    260.123674907   1.8357231019551474    2.5171181452884861    2.4733138259692935    -96342.604834563186    47275.043458515938    -1590.472586649528        13.311        4 
    260.124022130   1.8477400850920613    2.5239002469448506    2.4627436739103419    -95113.059784610421    45988.602165115211    -1656.063116448626        13.144        4 
    260.124369525   1.8597737226545761    2.5305845943123941    2.4521364621855555    -93896.321851398272    44751.004147849744    -1709.313126502340        12.981        4 
    260.124716748   1.8718107069321130    2.5371659443094883    2.4415027496209651    -92689.656142548163    43546.668644889258    -1760.308980247210        12.820        4 
    260.125064155   1.8838628233070942    2.5436528120368718    2.4308309426056347    -91492.099846646423    42375.545876579141    -1809.570253399819        12.662        4 
    260.125411563   1.8959230501201310    2.5500433823001671    2.4201261084405021    -90305.092274927389    41236.025475643808    -1864.146184052770        12.507        4 
    260.125758785   1.9079844332802653    2.5563360016551488    2.4093933634607145    -89126.413800255017    40137.010860061353    -1911.385335037659        12.354        4 
    260.126106181   1.9200588182833533    2.5625387886026214    2.3986210325239630    -87963.274237174221    39064.953548892605    -1952.434518625916        12.204        4 
    260.126453403   1.9321329884133140    2.5686468090746746    2.3878198851459755    -86811.618325568415    38031.557964307445    -1993.203235758039        12.057        4 
    260.126800810   1.9442188736332620    2.5746679260898082    2.3769781929732052    -85671.603554032627    37020.145368433397    -2036.153541772437        11.912        4 
    260.127148206   1.9563096056271825    2.5806003854608983    2.3661011026757155    -84543.905776170519    36043.816367587380    -2075.121069959248        11.770        4 
    260.127495613   1.9684045541257675    2.5864456116989949    2.3551881859032977    -83423.852570825227    35096.237041591376    -2110.953249611404        11.630        4 
    260.127842836   1.9804968538134726    2.5922020305092124    2.3442447032341098    -82320.920227692201    34174.177365537646    -2143.185761777924        11.493        4 
    260.128190231   1.9925985550477598    2.5978770003338996    2.3332587781426679    -81232.685612643050    33275.958872847026    -2177.945944621140        11.358        4 
