Decimal day (2024)             r / R_J       theta / radians         phi / radians               B_r / nT              B_t / nT              B_p / nT    Error / nT    Range 
     67.617281042   1.9877707250834225    0.8623798908922810    3.4932970446820519    108133.268508952387    36137.340992678270     2267.015056368407        18.653        5 
     67.617628264   1.9755415007562265    0.8561460817695845    3.4865286094173138    110935.270613580971    36369.197706125247     2040.071489245100        18.926        5 
     67.617975486   1.9633127626737423    0.8498359807123995    3.4797250361409153    113805.128384876953    36519.151297578857     1808.006243136617        19.203        5 
     67.618322882   1.9510786269582334    0.8434448596225735    3.4728813696000880    116743.582184244515    36712.738467484771     1518.565198900455        19.489        5 
     67.618670104   1.9388523958666659    0.8369779719010114    3.4660032921001145    119802.374424365989    36827.952502233500     1229.737371696538        19.784        5 
     67.619017326   1.9266282344904531    0.8304305830687090    3.4590857184454200    122922.078013868770    36978.442462532432      957.670704854383        20.087        5 
     67.619364549   1.9144067297471181    0.8238012330153858    3.4521270266208894    126128.802021044510    37066.259897638090      620.063696412224        20.396        5 
     67.619711771   1.9021884791622972    0.8170884285346370    3.4451255114911135    129449.692576942762    37142.005845511863      334.278132659507        20.717        5 
     67.620058993   1.8899741140631321    0.8102906635702690    3.4380793793004050    132854.052041348885    37204.072940189973      -29.899136840846        21.047        5 
     67.620406215   1.8777642655523781    0.8034063707907074    3.4309867071707267    136338.726205140527    37236.324946253051     -398.022104505362        21.383        5 
     67.620753437   1.8655596131338972    0.7964339852975824    3.4238454722567320    139924.826581109111    37264.518230410591     -778.502995844734        21.730        5 
     67.621100660   1.8533608429629995    0.7893718918477109    3.4166535558275508    143600.654315214721    37243.383936085833    -1182.946687599586        22.086        5 
     67.621447882   1.8411686902616788    0.7822184558833110    3.4094086524541685    147377.120530436747    37192.773515535169    -1598.268743714012        22.451        5 
     67.621795104   1.8289838899050237    0.7749720178629376    3.4021083794742371    151238.600746834825    37092.502399451987    -2043.569680764289        22.823        5 
     67.622142326   1.8168072291553767    0.7676308665925470    3.3947501545511161    155260.324491069245    36990.511020947073    -2521.739936170256        23.213        5 
     67.622489549   1.8046394963785035    0.7601932634154532    3.3873312508673399    159337.308806573419    36833.260623506729    -3017.515415021633        23.607        5 
     67.622836771   1.7924815392662301    0.7526574754309020    3.3798487798525789    163537.777223975805    36652.741883300092    -3491.043541755866        24.013        5 
     67.623183993   1.7803342306963013    0.7450216874768483    3.3722996474554008    167845.111737474217    36396.827349559971    -4044.491768617023        24.429        5 
     67.623531215   1.7681984582437329    0.7372840963733962    3.3646805370489115    172249.923647128278    36110.015731187421    -4588.070921986837        24.855        5 
     67.623878611   1.7560688344715698    0.7294387268298731    3.3569839008418998    176794.361379404785    35820.300508646047    -5175.404295977089        25.296        5 
     67.624225833   1.7439589831563518    0.7214918857529024    3.3492140035427673    181454.124741624022    35396.928460534080    -5779.782790830643        25.746        5 
     67.624573056   1.7318635680359435    0.7134375958655365    3.3413628031402745    186201.824163344281    34970.220400058941    -6393.559585247676        26.207        5 
     67.624920278   1.7197836459007383    0.7052739342247270    3.3334259795912282    191095.960579716193    34512.878593177244    -7066.260459222660        26.682        5 
     67.625267500   1.7077202792367470    0.6969989470313447    3.3253989088494218    196088.308186817623    33942.838183403757    -7758.052117271538        27.166        5 
     67.625614907   1.6956683316101069    0.6886062539593119    3.3172723514073148    201194.941909324552    33324.624694820595    -8486.378309919481        27.661        5 
     67.625962303   1.6836352517293462    0.6800981220385791    3.3090450912638500    206449.686639817141    32627.121627664790    -9217.012630862158        28.172        5 
     67.626309525   1.6716284962790695    0.6714770494664140    3.3007157051769771    211782.956278349040    31885.633784799909   -10020.394668231178        28.690        5 
     67.626656748   1.6596430429468028    0.6627366038458508    3.2922737412250669    217259.504750398948    31051.583699921306   -10766.500666746711        29.223        5 
     67.627003970   1.6476801895131672    0.6538747164077673    3.2837124668878990    222861.892410629313    30141.374155065845   -11581.502754526964        29.769        5 
     67.627351192   1.6357412806309977    0.6448893332403003    3.2750246155942189    228561.576195276604    29082.976386452399   -12509.932139972781        30.324        5 
     67.627698600   1.6238215112231036    0.6357735968477508    3.2661976792041720    234373.515178475354    28034.782391564280   -13362.838397433436        30.892        5 
     67.628045995   1.6119285414350102    0.6265300742086433    3.2572275862422635    240325.946178247279    26810.809690226117   -14258.302553006411        31.474        5 
     67.628393218   1.6000700671702401    0.6171615882354963    3.2481098155462624    246357.914106578392    25561.876745007641   -15187.594339146393        32.065        5 
     67.628740440   1.5882414092766755    0.6076613101535433    3.2388296428747698    252546.359133204154    24159.649625836377   -16368.756989130157        32.673        5 
     67.629087662   1.5764442148372129    0.5980271748068841    3.2293760535714315    258788.738642192446    22590.525027158626   -17309.300946818461        33.285        5 
     67.629434884   1.5646801173761673    0.5882571618639582    3.2197369580492108    265183.982156884624    21024.628562717364   -18247.644212263702        33.914        5 
     67.629782292   1.5529447792727011    0.5783440685115550    3.2098940301558083    271623.147206431080    19281.992846690351   -19175.912218923324        34.548        5 
     67.630129514   1.5412521851946392    0.5682962563352892    3.1998430229932580    278179.504573552287    17442.079645490041   -20199.970055588776        35.196        5 
     67.630476910   1.5295920375193193    0.5581013573580674    3.1895575291137837    284806.577156635001    15471.226830212952   -21255.619028247580        35.852        5 
     67.630824132   1.5179783774005242    0.5477681586945182    3.1790307651865799    291522.607023410266    13356.131130374357   -22312.623551358753        36.518        5 
     67.631171354   1.5064071266907435    0.5372896301467451    3.1682380754461246    298282.955262386007    11121.262987326118   -23419.036232310118        37.191        5 
     67.631518576   1.4948803687447885    0.5266641511489654    3.1571580529805137    305142.356578634121     8722.477597814941   -24522.129100343940        37.875        5 
     67.631865799   1.4834002131108073    0.5158901836152011    3.1457669276550488    312017.488854691386     6219.097806685779   -25616.341916720601        38.563        5 
     67.632213021   1.4719688938900641    0.5049663883733196    3.1340383138009775    318943.137481889338     3558.262231503002   -26748.772038495703        39.258        5 
     67.632560243   1.4605886936261303    0.4938915643496739    3.1219427214985753    325883.124871367472      743.958371424320   -27878.830636603612        39.957        5 
     67.632907465   1.4492619884463873    0.4826647747172151    3.1094471888405106    332810.029347935983    -2174.524937580951   -29038.655264512738        40.658        5 
     67.633254687   1.4379912252142935    0.4712853196008598    3.0965147634513501    339740.066662698518    -5229.422445720498   -30249.303617113215        41.362        5 
     67.633601910   1.4267789431827866    0.4597528096502055    3.0831038472387817    346634.083434600034    -8438.831033670955   -31461.031325911237        42.066        5 
     67.633949132   1.4156277810217952    0.4480672333122993    3.0691674669533895    353499.025158958510   -11779.715547276384   -32697.930855598279        42.770        5 
     67.634296354   1.4045404247428044    0.4362290417143539    3.0546524765550038    360301.484274183691   -15196.380931029169   -33951.573704081777        43.472        5 
     67.634643576   1.3935197166285092    0.4242391868510632    3.0394984322954208    367011.948150776210   -18775.554710370998   -35224.783229034998        44.168        5 
     67.634990799   1.3825685293794403    0.4120992647770040    3.0236363686072334    373605.462406223931   -22449.504419706267   -36494.174965712569        44.855        5 
     67.635338021   1.3716898579733920    0.3998116393723258    3.0069873338444424    380079.956414036569   -26163.980439309948   -37841.352217256899        45.535        5 
     67.635685417   1.3608812098880232    0.3873730574368807    2.9894511965430532    386415.680286959978   -29949.124003533172   -39271.894845192772        46.206        5 
     67.636032639   1.3501570048675229    0.3748008324789301    2.9709413937264273    392560.258678686456   -33791.996949354711   -40754.666362797245        46.861        5 
     67.636380046   1.3395093823364119    0.3620875728905079    2.9513170018505761    398548.765151417232   -37617.948420985296   -42292.931848106033        47.505        5 
     67.636727269   1.3289528119296612    0.3492538243454452    2.9304569079233875    404382.609841821133   -41427.334850017505   -43926.433016971627        48.137        5 
     67.637074491   1.3184852366766562    0.3363022880663742    2.9081857067687658    409915.758864948002   -45146.825972166567   -45606.646802951429        67.486        6 
     67.637421887   1.3081048915074667    0.3232378530509958    2.8842960369494999    415300.307708196749   -48768.820930273636   -47479.418349834094        68.079        6 
     67.637769109   1.2978262789235844    0.3100888396970899    2.8585831386620915    420512.427081192902   -52181.814478413624   -49492.699947261499        68.657        6 
     67.638116331   1.2876477914498776    0.2968669196496693    2.8307628055588077    425447.576575204905   -55424.333469502104   -51629.763425351659        69.209        6 
     67.638463738   1.2775681524024822    0.2835882912344737    2.8004945280393003    430259.400286314776   -58508.423753812873   -54016.345318644075        69.751        6 
     67.638810961   1.2676018933661868    0.2702957701126214    2.7674224302476165    434915.189880215039   -61159.759335655457   -56737.421479632008        70.279        6 
     67.639158183   1.2577478729029052    0.2570189197428440    2.7310674252026450    439228.865879261575   -63337.040080555060   -59583.664737385916        70.770        6 
     67.639505579   1.2480053003100304    0.2437967946174303    2.6908505276123038    443580.561982350540   -65050.583677643495   -62818.579919251250        71.265        6 
     67.639852801   1.2383886932236368    0.2307012787344005    2.6461453314699463    447692.740111211897   -66363.697324765759   -66444.230945446063        71.739        6 
     67.640200023   1.2288974274691331    0.2177990982122195    2.5961338534206568    451816.898873281665   -66841.260036817359   -70436.393452735618        72.208        6 
     67.640547431   1.2195312029880050    0.2051773258776791    2.5398399393829081    455815.279510505905   -66522.688281550189   -75008.929116142725        72.666        6 
     67.640894653   1.2103044923390813    0.1929680684087632    2.4762217181269630    459880.220738999778   -65107.908544548118   -79959.440573502885        73.125        6 
     67.641241875   1.2012171198331751    0.1813153747019014    2.4040099013154119    463921.787837826647   -62636.109333448418   -85604.790834578656        73.584        6 
     67.641589271   1.1922693823090467    0.1704031846017317    2.3218319258540503    467918.844076747308   -58626.972944564921   -91655.664486841706        74.035        6 
     67.641936493   1.1834755432764588    0.1604771466803937    2.2284922236645599    471869.563418321952   -53005.932894332247   -98122.564336487281        74.482        6 
     67.642283715   1.1748359616549813    0.1518126554394425    2.1229635326639502    475915.062341252400   -45468.147409199919  -104742.452032077563        74.937        6 
     67.642630938   1.1663557852785003    0.1447318894428046    2.0049372058524204    479848.322119917488   -35573.340833528833  -111441.594887041370        75.385        6 
     67.642978160   1.1580402501676028    0.1395771227294076    1.8752649740010687    483714.398344444984   -23592.558287190906  -117440.244500315530        75.827        6 
     67.643325382   1.1498946251700035    0.1366715678795435    1.7363680599065339    487593.899402504554    -9640.885076056693  -122287.322052690666        76.274        6 
     67.643672604   1.1419242808724304    0.1362662845387477    1.5922813244328999    491143.333322177816     5826.086759739468  -125519.933797964535        76.691        6 
     67.644019826   1.1341346290907499    0.1384899862009537    1.4481014276272866    494583.921857785550    21677.311016975873  -126790.079790275893        77.098        6 
     67.644367049   1.1265311303518406    0.1433245639227856    1.3089441176509156    497617.219040761702    37217.169119314451  -126499.350469861762        77.474        6 
     67.644714271   1.1191192778804775    0.1506187411296834    1.1788921003062751    500311.744332346716    51746.636447882585  -124832.357588880739        77.819        6 
     67.645061493   1.1119046133047843    0.1601311938781720    1.0604226743961696    502643.914185566013    64775.221617151110  -122250.303094127550        78.128        6 
     67.645408715   1.1048926510031158    0.1715816935843420    0.9544346167980895    504317.151634602691    75805.254172531102  -119570.478241221659        78.376        6 
     67.645755937   1.0980889393524993    0.1846920782174704    0.8606499862251904    505499.576997281401    85218.312153665625  -116852.031948758871        78.573        6 
     67.646103160   1.0914990176212611    0.1992104855736156    0.7780971513056618    506205.560689620441    92910.379448453794  -114911.605164938519        78.728        6 
     67.646450382   1.0851283808973919    0.2149211967902382    0.7055007488708823    506316.855000040901    99197.245456658333  -113349.819545264530        78.819        6 
     67.646797604   1.0789825015887886    0.2316452692341298    0.6415326182921701    506133.666244145716   104000.099020570458  -112496.164658111215        78.875        6 
     67.647144826   1.0730667898435244    0.2492367788228439    0.5849470036542581    505575.807409463450   107460.357424527974  -112343.307312023491        78.888        6 
     67.647492049   1.0673865690574962    0.2675773659050291    0.5346386319647859    504956.081707540201   109815.303652806368  -112908.676195488690        78.889        6 
     67.647839444   1.0619443221281648    0.2865810261897708    0.4896349653568436    504264.153359965596   111118.933088224163  -114051.582567608799        78.875        6 
     67.648186667   1.0567508550056899    0.3061494391749850    0.4491797431217548    504133.115360090684   111634.303935264616  -115883.115935517271        78.913        6 
     67.648533889   1.0518082805767071    0.3262275916577761    0.4125760040333802    504695.551865701505   111853.860459435789  -118240.765418473122        79.023        6 
     67.648881296   1.0471191159824158    0.3467721224720500    0.3792468707600494    505960.271966816857   111990.133016137552  -121205.442171072893        79.213        6 
     67.649228519   1.0426929152320992    0.3677157320250484    0.3487598289492939    507976.965448261646   112695.182455307659  -124874.166133551262        79.505        6 
     67.649575741   1.0385317259390827    0.3890294488573905    0.3207071884554148    510735.664727703785   114154.342392374994  -129219.009825938265        79.900        6 
     67.649923137   1.0346379103478989    0.4106900148887676    0.2947498653947860    513870.440307592449   116833.600880056765  -134312.321961434180        80.377        6 
     67.650270359   1.0310196178476227    0.4326440333907167    0.2706409938449333    517401.962321755476   120965.050417636870  -140150.842372318119        80.947        6 
     67.650617581   1.0276786453193509    0.4548748552215817    0.2481357259798706    520874.454069099971   126906.499443498149  -146668.078122685285        81.576        6 
     67.650964988   1.0246170758050284    0.4773686565346284    0.2270277956605385    524295.629713534843   134808.058813264914  -153996.914675222535        82.277        6 
     67.651312211   1.0218414512686567    0.5000782574260392    0.2071727714414228    527300.890082301106   145303.490737854270  -161692.441353268456        83.030        6 
     67.651659433   1.0193531800487412    0.5229928994669304    0.1884170732680879    529566.856920889695   159123.478506341227  -169763.741598835273        83.837        6 
     67.652006829   1.0171539341372484    0.5461033611677917    0.1706296046824280    529606.190897795488   176659.666321863187  -177958.625375882722        84.591        6 
     67.652354051   1.0152484769455041    0.5693651545057640    0.1537235355733055    526301.234157502302   198128.008085855399  -185723.514198575867        85.218        6 
     67.652701273   1.0136376920500556    0.5927705005374088    0.1375981785549181    517753.594346279162   222926.105932335660  -192516.318858348415        85.562        6 
     67.653048681   1.0123227706525173    0.6163125005532506    0.1221663424759534    502539.341159750882   249520.175579167117  -197796.731855215301        85.487        6 
     67.653395903   1.0113065125599827    0.6399478906989259    0.1073748712307927    480502.930575877021   275185.476262918324  -200984.741212167952        84.902        6 
     67.653743125   1.0105892691431664    0.6636705903768199    0.0931548230595019    452595.204752443358   297759.116154362040  -201563.118217161158        83.799        6 
     67.654090521   1.0101715971225744    0.6874749974677828    0.0794458551935877    420736.636785428855   316048.814371351677  -198908.307682745421        82.251        6 
     67.654437743   1.0100543191692883    0.7113186841979808    0.0662150973442923    387315.792743062368   329879.256644788373  -192846.097319887951        80.403        6 
     67.654784965   1.0102371396520538    0.7351966972654848    0.0534135667328784    352976.162747177645   339785.702062583237  -182741.335702714161        78.287        6 
     67.655132188   1.0107197014354530    0.7590920141949250    0.0410041419775181    318176.708879603655   345503.050256850722  -168794.123754425702        75.905        6 
     67.655479410   1.0115012880697458    0.7829879220538026    0.0289538283256239    284166.987471344066   346243.464847155556  -151625.949371842173        73.284        6 
     67.655826632   1.0125808077659249    0.8068680968769858    0.0172330797928475    252453.120621260779   342064.376971985388  -132633.628451596480        70.530        6 
     67.656173854   1.0139568493400424    0.8307165563450780    0.0058154316079513    224758.506499128009   333607.894851863268  -113173.008693365133        67.783        6 
     67.656521076   1.0156276465931668    0.8545177011010651    6.2778623656999262    202018.885898577806   322969.284182163305   -94805.190360774286        65.252        6 
     67.656868299   1.0175910889724933    0.8782563607616984    6.2669818814256155    183665.883455792500   311408.867660800810   -78595.945468931735        44.248        5 
     67.657215521   1.0198447420446646    0.9019177908848318    6.2563399063229514    168708.977140067727   300029.290090667724   -64820.327224918794        42.276        5 
     67.657562743   1.0223858894752182    0.9254877546034312    6.2459189179001537    156259.306562450191   289155.918653135537   -53456.294231468673        40.549        5 
     67.657909965   1.0252114882612284    0.9489524968446079    6.2357030187490299    145576.556798062520   278890.625281015993   -44299.150128572917        39.020        5 
     67.658257187   1.0283182288238506    0.9722987661097993    6.2256777369439273    136291.854401258432   269192.471735080821   -36941.596817168342        37.648        5 
     67.658604410   1.0317025481896736    0.9955138948777187    6.2158299352954449    128120.865145801741   260001.214672144910   -31137.289673050651        36.402        5 
     67.658951632   1.0353606184943251    1.0185857925717023    6.2061475700685307    120927.263524326700   251341.500277993968   -26576.108680190566        35.268        5 
     67.659298854   1.0392883712208503    1.0415029152058777    6.1966196643772831    114592.756615855498   243195.944171611074   -22990.887474997398        34.232        5 
     67.659646250   1.0434838021423316    1.0642661638356741    6.1872312660302633    108964.597176064170   235653.691482269991   -20211.777127173122        33.291        5 
     67.659993472   1.0479380907947273    1.0868415515557599    6.1779829329782192    103922.783234503368   228712.300784496038   -18083.836940098477        32.436        5 
     67.660340694   1.0526487085222533    1.1092313086534298    6.1688612227983013     99400.716181887357   222431.747009459825   -16477.692037327372        31.669        5 
     67.660687917   1.0576108532098807    1.1314263931754962    6.1598583123392103     95198.069463297987   216780.715488715970   -15267.682095939148        30.975        5 
     67.661035139   1.0628195974919417    1.1534184253709738    6.1509670005577055     91263.366889112105   211739.676678031683   -14429.027061191278        30.352        5 
     67.661382546   1.0682728006389663    1.1752109412315650    6.1421760807930781     87465.293484877970   207269.771825699368   -13893.615851162442        29.790        5 
     67.661729942   1.0739626322894193    1.1967852608476304    6.1334840181349648     83778.840790706716   203295.545306228509   -13585.470380665960        29.280        5 
     67.662077164   1.0798807076544183    1.2181238484500607    6.1248895839696660     80079.795305007123   199784.335118716088   -13433.998968318727        28.816        5 
     67.662424387   1.0860246011348829    1.2392321079202411    6.1163829122803302     76354.566524062742   196639.166791955708   -13435.518858962492        28.387        5 
     67.662771609   1.0923889702539873    1.2601047274881578    6.1079590942221973     72626.941380336139   193857.162919003895   -13576.427843629262        27.996        5 
     67.663118831   1.0989683794160867    1.2807370250114782    6.0996135911594873     68860.101383870031   191327.660309737024   -13792.813641108121        27.631        5 
     67.663466238   1.1057610027697584    1.3011354379266857    6.0913378440779011     65130.772957398411   189077.599995042547   -14033.528549704013        27.298        5 
     67.663813461   1.1127543145840082    1.3212751505724316    6.0831365160456183     61423.144089967100   187128.315946596907   -14362.898965288659        26.998        5 
     67.664160856   1.1199501768347273    1.3411740901480176    6.0749973741241261     57657.754977781995   185479.950341419608   -14692.966212563952        26.730        5 
     67.664508079   1.1273356454891355    1.3608090217814810    6.0669254312433454     53874.920148813231   184146.492020521662   -14991.872870208153        26.496        5 
     67.664855301   1.1349090276275748    1.3801883266975881    6.0589132213778072     49952.803850544464   183160.445413460955   -15314.704682914362        26.297        5 
     67.665202523   1.1426649517454615    1.3993104462948864    6.0509577372343495     45819.994577248799   182432.553426738712   -15568.427426379460        26.125        5 
     67.665549745   1.1505980941905454    1.4181742652466247    6.0430561391981570     41484.487588828364   181984.596338856441   -15804.658410153999        25.983        5 
     67.665896968   1.1587032043495742    1.4367790615578757    6.0352058084337585     36863.080424430242   181687.588428703253   -16029.862696985228        25.859        5 
     67.666244190   1.1669750570033619    1.4551245466333333    6.0274042359194056     31917.339655025062   181511.423621853552   -16188.407947042215        25.752        5 
     67.666591412   1.1754085354142940    1.4732107633014218    6.0196491002791159     26675.917481769415   181327.952397122950   -16303.838561343086        25.652        5 
     67.666938634   1.1839985638095334    1.4910381497067458    6.0119382174200471     21179.046754819228   181095.457717383426   -16401.862988289475        25.558        5 
     67.667285856   1.1927401417334480    1.5086074353380066    6.0042695211726471     15391.694957982512   180723.511063877260   -16458.590120827295        25.464        5 
     67.667633079   1.2016284103249157    1.5259196690825847    5.9966410698596846      9446.219038555737   180155.016321977688   -16473.180061390747        25.367        5 
     67.667980301   1.2106585300530190    1.5429761554025683    5.9890510301847302      3370.914042131884   179386.269660505641   -16451.836134029716        25.269        5 
     67.668327523   1.2198257956936387    1.5597784866892548    5.9814976711121668     -2782.589916087045   178320.198623876408   -16425.499300904645        25.162        5 
     67.668674745   1.2291255834670611    1.5763284747448865    5.9739793891146782     -8939.300301162921   176999.462534579478   -16370.954269039197        25.050        5 
     67.669021968   1.2385533658889327    1.5926281454221118    5.9664946190338934    -15026.485394848756   175380.154440885381   -16288.280796720996        24.930        5 
     67.669369363   1.2481097303707491    1.6086880369261427    5.9590380555795361    -21028.292692646392   173547.084183768136   -16181.734262303275        24.809        5 
     67.669716586   1.2577804199751441    1.6244938207245154    5.9516160682543031    -26863.263414340519   171407.375265676266   -16080.419002138717        24.677        5 
     67.670063993   1.2675712544974369    1.6400645360130872    5.9442196333279487    -32479.720793775188   169036.380754397222   -15983.814574829434        24.540        5 
     67.670411215   1.2774679515898806    1.6553866888601492    5.9368552140088946    -37903.926994131056   166488.767790101294   -15831.651787744469        24.402        5 
     67.670758438   1.2874715535520542    1.6704712903746120    5.9295177835449326    -43057.234291007473   163709.857532107853   -15698.562482738846        24.254        5 
     67.671105660   1.2975781649385560    1.6853212654377234    5.9222062437250127    -47926.561990919567   160827.011145360157   -15557.443394311045        24.107        5 
     67.671453056   1.3077893108691954    1.6999472393420132    5.9149157292982073    -52552.789067881473   157769.359630147665   -15420.660461348307        23.954        5 
     67.671800278   1.3180906726187536    1.7143370939918263    5.9076528492274534    -56879.471354697351   154630.588227301545   -15255.113120241018        23.800        5 
     67.672147685   1.3284893598639136    1.7285090431381396    5.9004090835391256    -60941.489387015783   151398.945889986790   -15129.260651572447        23.644        5 
     67.672494907   1.3389710833275774    1.7424515880287468    5.8931910603704329    -64697.626739242609   148121.846598066506   -14939.419505006772        23.487        5 
     67.672842130   1.3495378039456791    1.7561754908209235    5.8859941522587649    -68205.790864581882   144776.135819281917   -14763.426699407653        23.326        5 
     67.673189525   1.3601918097843264    1.7696910609795649    5.8788138071416753    -71397.414119864014   141440.556122794631   -14587.851728929818        23.165        5 
     67.673536748   1.3709188118826847    1.7829876346947529    5.8716567097079349    -74332.231294455167   138100.690616965498   -14411.300649385888        23.004        5 
     67.673883970   1.3817212235687193    1.7960756864650977    5.8645183908482732    -77041.323760185260   134747.018997780164   -14253.885026739175        22.842        5 
     67.674231377   1.3926017345984814    1.8089652965341663    5.8573944158377333    -79510.633447173459   131426.120824739948   -14061.304848467556        22.679        5 
     67.674578600   1.4035460818980536    1.8216464720495198    5.8502915393333081    -81757.391074927771   128156.132707739875   -13854.546811980767        22.519        5 
     67.674925822   1.4145570932628659    1.8341294023080141    5.8432053829342081    -83783.607989676588   124890.328491746506   -13676.286672257909        22.356        5 
     67.675273218   1.4256378378375771    1.8464238491096370    5.8361316681881465    -85629.203531569816   121651.981013405224   -13465.940722733918        22.192        5 
     67.675620440   1.4367740993123777    1.8585204064504142    5.8290771640857857    -87253.272697453591   118530.576233726781   -13287.921403586843        22.033        5 
     67.675967662   1.4479690743949563    1.8704289331541095    5.8220376145321771    -88711.136041685488   115419.712956945514   -13043.466176639813        21.871        5 
     67.676314884   1.4592202956610618    1.8821527763158930    5.8150124761504616    -90022.137898427434   112364.560307799227   -12854.116011643084        21.710        5 
     67.676662292   1.4705312530856693    1.8937012382811722    5.8079975951548368    -91150.161395413248   109388.136293122647   -12631.323341867275        21.550        5 
     67.677009514   1.4818878402675026    1.9050656185239525    5.8009997536381235    -92114.355837635347   106462.669341682558   -12376.940756738462        21.388        5 
     67.677356910   1.4932996583437304    1.9162610295728808    5.7940112091191951    -92975.792222363802   103601.057813793654   -12170.969242667394        21.229        5 
     67.677704132   1.5047526287904240    1.9272790688587143    5.7870387640856409    -93693.824048634968   100805.363817907579   -11938.009221983673        21.069        5 
     67.678051354   1.5162506127536826    1.9381287886443148    5.7800783414551669    -94299.738132203711    98069.755113889609   -11731.547279978877        20.911        5 
     67.678398576   1.5277915503825592    1.9488133696999324    5.7731295291415385    -94782.947654505188    95392.126216388628   -11451.795709815618        20.751        5 
     67.678745799   1.5393735027110567    1.9593359277330209    5.7661919218927560    -95169.676870639261    92792.199487686390   -11205.598254023767        20.594        5 
     67.679093021   1.5509945460974430    1.9696995404283646    5.7592651207478660    -95439.881461634417    90268.180337190774   -10999.827588288128        20.438        5 
     67.679440243   1.5626528901190395    1.9799072357774297    5.7523487662453281    -95603.152061906454    87794.204128040394   -10741.966699901495        20.280        5 
     67.679787465   1.5743467379045082    1.9899620003168434    5.7454424831260003    -95686.751048167062    85363.256441784062   -10500.176584969318        20.121        5 
     67.680134688   1.5860743904825687    1.9998667707403239    5.7385459310760076    -95729.477926546344    83026.754540889917   -10249.610274323277        19.969        5 
     67.680481910   1.5978342134275287    2.0096244331786033    5.7316587802261187    -95643.220371534830    80764.867392307962    -9981.497071090322        19.813        5 
     67.680829132   1.6096245786908696    2.0192378215596136    5.7247807108443167    -95529.942358750064    78535.601960527943    -9739.422979065661        19.661        5 
     67.681176354   1.6214439847093718    2.0287097408226780    5.7179114174060937    -95329.996540093241    76382.430608849478    -9505.355716217942        19.508        5 
     67.681523576   1.6332909239028210    2.0380429197167333    5.7110505932830780    -95060.538107232453    74302.225520461594    -9256.966229574937        19.356        5 
     67.681870799   1.6451639711161772    2.0472400431354223    5.7041979548661015    -94749.704810072522    72238.863785818496    -8995.349922660193        19.204        5 
     67.682218021   1.6570617518582127    2.0563037619593545    5.6973532247908993    -94391.746020021950    70238.927980428445    -8744.999436601305        19.054        5 
     67.682565243   1.6689829097459075    2.0652366564916469    5.6905161304257739    -93966.964455725945    68332.870660740271    -8498.090617535716        18.905        5 
     67.682912465   1.6809261751255031    2.0740412823011911    5.6836864263376015    -93506.852925316431    66458.382680420502    -8256.280017039964        18.757        5 
     67.683259687   1.6928902944382687    2.0827201078413866    5.6768638536682188    -93013.171630874815    64629.747126159797    -8031.798359096938        18.610        5 
     67.683607083   1.7048803165472397    2.0912800131605458    5.6700446201007750    -92482.933732111574    62850.048911182588    -7771.547724577555        18.464        5 
     67.683954306   1.7168825957976339    2.0997144781962742    5.6632356030284825    -91905.442439766572    61158.880754564678    -7548.248771077262        18.321        5 
     67.684301528   1.7289022546058581    2.1080303364107125    5.6564330131308793    -91315.378292085617    59465.203424388033    -7319.466419402372        18.177        5 
     67.684648935   1.7409444812108632    2.1162341158036564    5.6496331064010876    -90668.466340904488    57855.937516252139    -7085.838954313498        18.034        5 
     67.684996157   1.7529957037271222    2.1243195233730581    5.6428427460695758    -90007.702687569268    56288.446746618079    -6851.646787435602        17.894        5 
     67.685343380   1.7650611676849299    2.1322930771767767    5.6360581784087014    -89311.862158809148    54764.361308813597    -6635.752380007281        17.753        5 
     67.685690775   1.7771462284813475    2.1401609793450866    5.6292756879043928    -88578.849133500175    53279.523554313448    -6398.190766566455        17.612        5 
     67.686037998   1.7892373297848849    2.1479171660197265    5.6225021365044228    -87879.929785282555    51861.311599688255    -6197.230539521908        17.479        5 
     67.686385220   1.8013398874864575    2.1555678121617641    5.6157338070983833    -87149.923109379422    50469.595182363577    -5997.750465474681        17.344        5 
     67.686732627   1.8134593319277732    2.1631188525896521    5.6089670067054556    -86407.255978851987    49102.652582481205    -5760.465855713970        17.211        5 
     67.687079850   1.8255822027340574    2.1705643976700841    5.6022085924385605    -85614.907158799368    47787.487185812417    -5558.117204650647        17.076        5 
     67.687427072   1.8377140012047122    2.1779103450175796    5.5954548778847464    -84836.586776847515    46500.791503310509    -5343.122519021228        16.945        5 
     67.687774468   1.8498602708335263    2.1851623270035438    5.5887021834154185    -84056.279022935269    45251.602752320730    -5144.999169485600        16.816        5 
     67.688121690   1.8620076092402096    2.1923146631781427    5.5819573803915237    -83245.837664125735    44070.013803481677    -4965.326215797788        12.000        4 
     67.688468912   1.8741615966390595    2.1993729462218625    5.5752167947793048    -82439.405308249814    42907.480231116897    -4774.160796247990        11.874        4 
     67.688816134   1.8863215504829953    2.2063389551405441    5.5684802742413115    -81620.208733981242    41771.120429936876    -4585.466411082401        11.748        4 
     67.689163542   1.8984931282182034    2.2132179806018395    5.5617441667236056    -80800.948982566231    40679.134140310358    -4403.689193638602        11.625        4 
     67.689510764   1.9106630085485021    2.2200045584788799    5.5550153529558575    -79972.887316887354    39616.139377446467    -4222.624340802831        11.502        4 
     67.689858160   1.9228432219512861    2.2267074111687832    5.5482866812577090    -79146.290935443278    38581.937073235618    -4052.431619209354        11.382        4 
     67.690205382   1.9350205002509429    2.2333211883083681    5.5415650119456128    -78319.408384974391    37575.494278563594    -3880.442469489572        11.263        4 
     67.690552604   1.9472005745890353    2.2398509751114326    5.5348467126520093    -77487.870887619618    36611.556819086749    -3716.439796173996        11.146        4 
     67.690899826   1.9593828979313148    2.2462983365990823    5.5281316598439716    -76652.079710165955    35671.651139007547    -3555.969184839560        11.030        4 
     67.691247049   1.9715669197434786    2.2526647727762095    5.5214197311370352    -75818.379392901144    34754.429763356042    -3402.618793582071        10.915        4 
     67.691594271   1.9837521163623422    2.2589517803721764    5.5147107992607882    -74998.622733176875    33860.351835077672    -3240.653978349248        10.803        4 
     67.691941493   1.9959379923656093    2.2651607980127446    5.5080047497730860    -74167.026347664912    33007.402429009016    -3094.959024196716        10.692        4 
