Decimal day (2016)             r / R_J       theta / radians         phi / radians               B_r / nT              B_t / nT              B_p / nT    Error / nT    Range 
    240.498162917   1.9880217998046070    0.0092804946692421    2.2979599227007554    103616.204187212206   -10561.860957006793   -14704.750882204793        17.769        5 
    240.498510324   1.9760377623754821    0.0034683559471945    2.8033173398079900    105324.027542709504   -17001.159367699660    -7621.325379607578        17.946        5 
    240.498857546   1.9640648557645324    0.0047464234126509    4.6274769760847274    107051.602294962999    -2834.473458094458    18983.960367239819        18.126        5 
    240.499204942   1.9520911795701335    0.0109898210538338    4.9363500365293991    108800.338316866735     3555.920112577507    19459.749936042557        18.308        5 
    240.499552350   1.9401235757359980    0.0176081346385615    5.0154993582853624    110602.253745784852     5632.248949741631    19583.215971202357        18.496        5 
    240.499899572   1.9281689212988204    0.0243627360171198    5.0487277051200268    112415.022673677275     6890.004423889049    19853.886405686779        18.686        5 
    240.500246968   1.9162154127326012    0.0312259492867425    5.0654427369890254    114268.417321990448     7819.209812881866    20186.758454931893        18.880        5 
    240.500594375   1.9042699201859565    0.0381851292851016    5.0743739025632051    116157.871190909573     8654.328421038930    20585.270875948074        19.078        5 
    240.500941597   1.8923393970411704    0.0452338817589955    5.0790277028666084    118054.579292330949     9419.912311840240    21002.395992521542        19.278        5 
    240.501288993   1.8804121168912471    0.0523791123652179    5.0810852866600396    120002.146883641704    10156.921294579097    21479.714938895395        19.483        5 
    240.501636400   1.8684950486235248    0.0596177335989406    5.0814452535043442    121978.899185607355    10896.504711683116    21963.251428802712        19.692        5 
    240.501983623   1.8565951509396146    0.0669469380238639    5.0806365806640104    123975.761238496794    11637.631812372936    22490.715083424646        19.904        5 
    240.502331030   1.8447008281373261    0.0743756731419850    5.0789881530414061    126026.923773450631    12373.246089792956    23022.542559821348        20.121        5 
    240.502678426   1.8328191327759773    0.0819016387882382    5.0767165312292821    128099.691967734499    13134.483757885766    23560.254482602053        20.341        5 
    240.503025648   1.8209570689005887    0.0895224346970300    5.0739711601712063    130198.301378944205    13886.660276862176    24144.678026203452        20.564        5 
    240.503373056   1.8091031718789132    0.0972477124759146    5.0708538470421676    132344.933609962725    14682.250586031223    24728.088931869468        20.793        5 
    240.503720278   1.7972707027936383    0.1050711769651867    5.0674437787586406    134498.512988145754    15503.517511494989    25357.431806365224        21.024        5 
    240.504067674   1.7854482869684389    0.1130028151374246    5.0637938022071962    136704.259220988024    16311.595892239899    25993.102206663814        21.261        5 
    240.504415081   1.7736430676206749    0.1210404579442999    5.0599486932846442    138947.773865576746    17167.223692661701    26662.900237040303        21.502        5 
    240.504762303   1.7618621976427891    0.1291817760574371    5.0559438036879039    141224.898468169500    18052.246545590562    27344.819860727286        21.748        5 
    240.505109699   1.7500944296232515    0.1374372144961574    5.0518010211770195    143507.886141227529    18959.015127554059    28046.662537310069        21.995        5 
    240.505457106   1.7383470192060972    0.1458045935074062    5.0475431605146239    145852.884840195999    19887.789151224984    28779.015166164820        22.249        5 
    240.505804329   1.7266271616663389    0.1542815420786463    5.0431892738306248    148223.227183818264    20827.003212664178    29537.108037294103        22.507        5 
    240.506151725   1.7149238128224800    0.1628789854557094    5.0387484223207606    150615.909399738390    21806.244174780917    30307.798021455310        22.767        5 
    240.506498947   1.7032503733640512    0.1715901407219261    5.0342365387514985    153044.064166874334    22827.232259937646    31101.574686324326        23.033        5 
    240.506846354   1.6915959023188081    0.1804262680627748    5.0296581781029657    155523.865218050079    23823.887020502712    31920.409198552035        23.304        5 
    240.507193762   1.6799677695648330    0.1893851071853837    5.0250235542786443    158022.567033354135    24845.400019334324    32842.287336226480        23.580        5 
    240.507541157   1.6683673108510884    0.1984689365701910    5.0203392175036790    160600.295475525898    25906.251377185581    33631.791721443427        23.862        5 
    240.507888380   1.6568019041117383    0.2076752335643488    5.0156132567540013    163189.093620258180    26972.207166428027    34493.498274354570        24.146        5 
    240.508235602   1.6452669200451155    0.2170110651712930    5.0108480561755382    165775.942840976000    28035.897156788174    35573.831605411178        24.435        5 
    240.508583009   1.6337578211644208    0.2264837911722159    5.0060452273090466    168445.016173128708    29165.810271573609    36521.136175995147        24.731        5 
    240.508930405   1.6222821660896316    0.2360910277938680    5.0012108068813248    171097.972740746598    30288.499762319138    37703.727474378902        25.030        5 
    240.509277813   1.6108415026885694    0.2458352377030469    4.9963478670745172    173837.996786674223    31441.472132344607    38811.344311679495        25.337        5 
    240.509625208   1.5994374237273035    0.2557189561031045    4.9914591738888880    176627.607905701676    32597.069419066611    39892.167233639433        25.649        5 
    240.509972431   1.5880775321321150    0.2657394676515979    4.9865496243137466    179436.883806532482    33811.800471422684    41040.938669522046        25.965        5 
    240.510319653   1.5767575966265679    0.2759044774697588    4.9816188260022356    182333.426032882213    34870.173923380906    42217.395766398753        26.288        5 
    240.510667060   1.5654735211552111    0.2862220185552736    4.9766659959208308    185182.229382275807    36408.699163121099    43502.757882358899        26.618        5 
    240.511014468   1.5542330570480587    0.2966894930352579    4.9716953428810804    188170.075223751221    37619.123803138056    44709.959036996224        26.953        5 
    240.511361863   1.5430380847654614    0.3073095903742223    4.9667083591455432    191190.588471237686    38920.803761362411    46025.059416804143        27.297        5 
    240.511709086   1.5318963668974170    0.3180794003334697    4.9617089788119024    194299.256930063741    40241.406233765054    47346.713815448456        27.649        5 
    240.512056308   1.5208040767455140    0.3290071326461911    4.9566957288462756    197450.533943636459    41614.364424150874    48694.180765342273        28.008        5 
    240.512403715   1.5097575599982016    0.3401014067745292    4.9516671088733588    200684.383357839019    43007.450207352260    50055.425790546607        28.376        5 
    240.512751111   1.4987647606615051    0.3513593726475026    4.9466266313678569    203996.504370232637    44429.604635056130    51439.737854467705        28.752        5 
    240.513098519   1.4878278891036547    0.3627838481109581    4.9415751733433471    207410.102812198165    45855.674608085938    52850.038974158990        29.139        5 
    240.513445914   1.4769492347918340    0.3743776987850783    4.9365135228951544    210910.994500272151    47318.527356072198    54256.327384785363        29.536        5 
    240.513793137   1.4661367659637483    0.3861375969533365    4.9314450331465070    214540.419772838621    48782.374544620747    55726.303118924290        29.946        5 
    240.514140359   1.4553872222247897    0.3980724224447108    4.9263677196805027    218255.129167982523    50285.346160220797    57230.168259589496        30.367        5 
    240.514487766   1.4446975800297592    0.4101914071266289    4.9212794992361060    222114.021992078866    51838.613188319097    58761.102169689941        30.803        5 
    240.514835174   1.4340760147925975    0.4224912657492307    4.9161835584522597    226077.777914418723    53419.480196641060    60295.509853457057        31.250        5 
    240.515182569   1.4235251834509435    0.4349748852958256    4.9110804009990865    230217.504631986434    55067.527438316523    61897.167011988946        31.717        5 
    240.515529792   1.4130532521305963    0.4476385254239552    4.9059731567126441    234488.110217522713    56770.086347678589    63493.512710671734        32.198        5 
    240.515877014   1.4026574983885531    0.4604914861372443    4.9008595686403638    238959.412609905179    58546.532845925496    65113.480428361814        32.700        5 
    240.516224421   1.3923354838483561    0.4735434686501718    4.8957373635153969    243602.894601002801    60425.335527966512    66752.197808582205        33.221        5 
    240.516571644   1.3821008910547621    0.4867837331495591    4.8906122077259448    248411.019575679442    62401.958502498004    68400.524395094515        33.761        5 
    240.516919039   1.3719461258989585    0.5002288530228078    4.8854791342529369    253448.398045470938    64508.715843770246    70057.439919292097        34.325        5 
    240.517266262   1.3618848938776769    0.5138676145855968    4.8803437456014302    258701.889564016950    66798.414345054873    71721.774750548691        34.915        5 
    240.517613484   1.3519150922754213    0.5277096879265146    4.8752036636895646    264168.565764926781    69224.070228864090    73406.478345817421        35.528        5 
    240.517960891   1.3420348777496134    0.5417651054008427    4.8700565014241581    269854.480003069621    71881.853550788146    75052.275620698842        36.167        5 
    240.518308287   1.3322528838423775    0.5560293147556168    4.8649051338363494    275772.342825670261    74763.815193985283    76695.778396319714        36.834        5 
    240.518655509   1.3225775624761262    0.5704972757263135    4.8597525054272017    281938.838038853020    77940.980282920544    78292.991537601207        37.531        5 
    240.519002917   1.3130023792373531    0.5851865148960823    4.8545934606803121    288351.894727181061    81421.436361732805    79885.249997841005        38.259        5 
    240.519350139   1.3035409458893756    0.6000840883784975    4.8494335486535496    294950.277887390112    85280.983540394736    81470.374228969595        39.016        5 
    240.519697535   1.2941871136445162    0.6152077888628406    4.8442675900858889    301781.764161607367    89541.725356552706    82980.998107499385        39.804        5 
    240.520044942   1.2849496299163821    0.6305520560489636    4.8390984641284014    308773.467587105697    94282.741667472335    84454.039707852338        40.621        5 
    240.520392350   1.2758323605410276    0.6461188955570202    4.8339262950848072    315960.284925243410    99553.366244849429    85873.797129014813        41.472        5 
    240.520739745   1.2668392693763677    0.6619102103744073    4.8287512718442862    323261.940596318105   105375.814979180519    87228.948584156475        42.351        5 
    240.521086968   1.2579789349492541    0.6779192921592218    4.8235762030499849    330660.923661102657   111847.171936890809    88553.821797949131        43.262        5 
    240.521434190   1.2492507689784593    0.6941558791547761    4.8183985618811631    338071.461981428438   118998.320028541668    89818.613525266323        44.199        5 
    240.521781597   1.2406544760432796    0.7106299549460244    4.8132157534878406    345441.143612371525   126937.345835287109    91025.058203782886        45.162        5 
    240.522128993   1.2321988764943026    0.7273342894297933    4.8080306220715885    352708.763322281768   135699.353248645144    92198.751118762142        46.150        5 
    240.522476215   1.2238925410485082    0.7442609603625898    4.8028459357315185    359736.981271013618   145307.505785022397    93338.594813781077        47.155        5 
    240.522823623   1.2157311913426778    0.7614283297410064    4.7976564513567661    366474.596314129245   155880.915192849759    94481.842140804016        48.180        5 
    240.523170845   1.2077277171313556    0.7788189899926848    4.7924676423932864    372809.156957734260   167522.209635466570    95583.735812497558        67.967        6 
    240.523518241   1.1998782442864648    0.7964512487709587    4.7872742119530090    378466.361734668200   180023.572732195782    96710.522491146417        69.004        6 
    240.523865648   1.1921914802709075    0.8143160630072848    4.7820789590264337    383614.834893412073   193613.255374138884    97991.329552829528        70.066        6 
    240.524212870   1.1846758112698528    0.8324035535794776    4.7768846731624865    387716.709876225970   208208.320176605252    99268.395345175784        71.106        6 
    240.524560093   1.1773317815400040    0.8507222784177223    4.7716887197300135    390895.001418383268   223743.439990053710   100609.353865601937        72.142        6 
    240.524907315   1.1701639711024177    0.8692712109964493    4.7664911847394595    392942.847897414700   240397.604975062073   102114.707223488920        73.175        6 
    240.525254711   1.1631733665440573    0.8880588303892587    4.7612894477103813    393507.613831851282   258020.543871953647   103621.980761087383        74.175        6 
    240.525602118   1.1563683657655230    0.9070737909528609    4.7560862758633142    392621.722299495828   276570.292560068599   105343.042354638324        75.159        6 
    240.525949340   1.1497569594311805    0.9263039046367929    4.7508844416852201    390094.541525491863   295953.863010549336   107068.289758753192        76.114        6 
    240.526296748   1.1433368622613005    0.9457666652344774    4.7456786065838878    385530.635707046022   316131.334707541391   108767.348671730695        77.021        6 
    240.526644144   1.1371161102129712    0.9654492156563290    4.7404715307008738    378975.938701453153   336728.640573492914   110558.716608617353        77.879        6 
    240.526991366   1.1311023458494995    0.9853377655566654    4.7352659949776594    369949.830162285594   357901.593497800641   112215.160521098136        78.674        6 
    240.527338773   1.1252937771500056    1.0054492541777083    4.7300566236503467    358460.368640817644   379315.516066787648   113706.349309404162        79.405        6 
    240.527685995   1.1197008719843702    1.0257585214789473    4.7248489171052004    344342.540649067261   400509.007712739694   114948.550772066126        80.046        6 
    240.528033218   1.1143249227256546    1.0462712954878659    4.7196401944904292    327444.378589752130   421226.911607796734   116013.314870235437        80.590        6 
    240.528380440   1.1091701837746819    1.0669824231019560    4.7144305120885361    307824.917827481171   441066.831575590943   116726.096586358792        81.029        6 
    240.528727836   1.1042383581166058    1.0878972429553584    4.7092172059812079    285879.339133835922   459799.077658871887   117263.580011024795        81.389        6 
    240.529075243   1.0995362581747115    1.1089989154068611    4.7040030408630793    261816.018556169147   476872.905532943667   117557.950509550734        81.648        6 
    240.529422465   1.0950701153183171    1.1302697816048473    4.6987907872825954    236021.823979017761   492325.728305863449   117717.915500037110        81.843        6 
    240.529769861   1.0908391076648840    1.1517249514502996    4.6935750474018736    209062.622273886722   506283.517569739488   117818.896306361363        82.019        6 
    240.530117269   1.0868493335369049    1.1733459257605794    4.6883585746349334    181449.373533355480   518851.884295667405   118151.567294108012        82.213        6 
    240.530464491   1.0831062012832264    1.1951133528243547    4.6831441339219886    153378.740735398605   530470.910381703288   118761.820903746077        82.474        6 
    240.530811887   1.0796091785987993    1.2170415418418885    4.6779263402188702    125042.017775456072   541778.500475327950   119931.353707576869        82.872        6 
    240.531159294   1.0763634615409126    1.2391103565464603    4.6727079466475709     96095.360620034015   553367.186496438459   121880.929419262990        83.463        6 
    240.531506516   1.0733735445178036    1.2612989718434942    4.6674916910609578     66300.466668021661   565542.674661856843   124742.501347111363        84.283        6 
    240.531853924   1.0706391223910801    1.2836208555132194    4.6622722082385231     34776.513084145146   578676.572497202898   128602.561426034867        85.373        6 
    240.532201146   1.0681655727181567    1.3060427655020275    4.6570549506432899       830.413123631588   592775.810580183752   133924.258077154140        86.763        6 
    240.532548542   1.0659527241257643    1.3285776905594273    4.6518345091643010    -36574.789883013014   607284.520148809068   140791.335049946414        88.438        6 
    240.532895949   1.0640040179992138    1.3512032751901741    4.6466136678555898    -78312.780230578530   621586.199118145392   149209.310742708971        90.395        6 
    240.533243171   1.0623221606582565    1.3738966989129378    4.6413951420192685   -124811.419876209169   634047.821855527931   159560.984170183423        92.555        6 
    240.533590394   1.0609076789178196    1.3966584816310381    4.6361762691182964   -176060.074435556802   643103.070803351118   171848.933520764462        94.849        6 
    240.533937616   1.0597619731141366    1.4194771557797157    4.6309570922512462   -231234.197985632549   646559.873201944982   186188.180913226912        97.139        6 
    240.534285012   1.0588857688386368    1.4423529782290538    4.6257349027254371   -288581.652339071501   642747.077088039368   202158.654932095436        99.293        6 
    240.534632419   1.0582805747853767    1.4652622759089171    4.6205124563615207   -345566.729042043909   630409.030175846419   219446.452432866121       101.160        6 
    240.534979641   1.0579470799502617    1.4881811480097022    4.6152925138658336   -399003.579631974339   609347.053461154457   237212.031288022874       102.597        6 
    240.535327037   1.0578852620176018    1.5111214581970631    4.6100696494572926   -446065.405299531936   580326.236333762179   254340.904518201132       103.484        6 
    240.535674444   1.0580953766114147    1.5340592255594858    4.6048466437426177   -484439.492149811820   545240.235023432877   269668.188990665483       103.758        6 
    240.536021667   1.0585768969196039    1.5569704892781353    4.5996262085504789   -512771.824705759413   506573.823693423357   281901.576219631592       103.393        6 
    240.536369062   1.0593298019580688    1.5798671403341247    4.5944029607970647   -531179.383170554996   467056.385274244007   290388.278063236095       102.457        6 
    240.536716285   1.0603525550101711    1.6027134262336975    4.5891823696996683   -540751.918937594397   429225.270237237739   294172.316827948671       101.043        6 
    240.537063692   1.0616451699467353    1.6255214013904620    4.5839590146693787   -543764.085840980872   394568.424266209768   293325.498156881309        99.306        6 
    240.537411100   1.0632059083633900    1.6482675556181641    4.5787356410047533   -542537.962765756645   363682.041343758116   288076.356281535642        97.384        6 
    240.537758495   1.0650331756261175    1.6709404746674585    4.5735123009035945   -538963.366753142211   336132.743621201254   279132.994103000266        95.380        6 
    240.538105718   1.0671240582165065    1.6935173070933272    4.5682917206716080   -534371.561839960981   311218.630789174000   266984.742681645206        93.355        6 
    240.538452940   1.0694773629505756    1.7159989871552128    4.5630712152640927   -528943.046376809943   287782.561238975206   252776.203993796429        91.306        6 
    240.538800347   1.0720922562541286    1.7383866048213008    4.5578480904445318   -522817.328390837007   265435.230855505681   237202.275696884550        89.249        6 
    240.539147743   1.0749650798443613    1.7606581762418416    4.5526251040755197   -515457.728098053776   243913.512062293827   220763.520633044536        87.149        6 
    240.539495150   1.0780930973663783    1.7828038691851829    4.5474022793560938   -506663.529031612736   223396.022647951439   204230.132285612752        85.019        6 
    240.539842373   1.0814715782995896    1.8048027406687090    4.5421823710556657   -496255.324386943481   204178.193677476665   187958.021889730939        82.858        6 
    240.540189769   1.0851009186179716    1.8266686730562862    4.5369599672088921   -484242.802285368904   186612.187209474185   172320.430013369769        80.682        6 
    240.540536991   1.0889740524310041    1.8483702208031585    4.5317405254339871   -470965.668033119466   171071.117626556050   157469.262769370573        78.524        6 
    240.540884398   1.0930915271361892    1.8699218168026555    4.5265186431336044   -456678.427014618705   157701.491981545696   143743.608762077463        76.408        6 
    240.541231806   1.0974477875822120    1.8913043449637756    4.5212970764874223   -441993.280806897150   146727.832067065436   131064.623909363654        74.381        6 
    240.541579201   1.1020390390812063    1.9125105161538394    4.5160758585611411   -427167.560838487232   137827.771537163906   119587.073809842463        72.452        6 
    240.541926424   1.1068587956430120    1.9335225880246794    4.5108577117656736   -412812.932603825640   131089.059490961808   109383.010237977855        70.673        6 
    240.542273646   1.1119053939391745    1.9543453093187357    4.5056399828953353   -399016.981811101548   126195.118888300625   100197.215529374706        69.033        6 
    240.542621053   1.1171774680302931    1.9749834851584465    4.5004199581707240   -386083.671550664760   122813.157365350606    92117.708524792470        67.550        6 
    240.542968449   1.1226682474907763    1.9954208002172491    4.4952004022600827   -374099.947342145897   120617.400935982791    84874.244903232568        66.213        6 
    240.543315856   1.1283733787984882    2.0156522924143050    4.4899813350762665   -363245.072920322942   119398.479846508344    78662.043590122252        65.038        6 
    240.543663079   1.1342853683173915    2.0356631039125448    4.4847655295883104   -353508.623924932675   118963.308422765374    73167.965768824855        64.011        6 
    240.544010475   1.1404059155284778    2.0554700465071121    4.4795475501495474   -344685.845210309373   118963.376564950187    68341.950077958347        63.100        6 
    240.544357697   1.1467241494691496    2.0750488882413207    4.4743328990915634   -336932.717853396491   119340.355513769755    64097.304123993788        62.315        6 
    240.544705104   1.1532421291418513    2.0944168646392693    4.4691161496835186   -330088.200579947792   119918.355358023924    60478.225617087781        61.637        6 
    240.545052500   1.1599520252984015    2.1135609639537978    4.4639000741054282   -324139.043102558702   120584.753685778356    57224.751688084885        61.055        6 
    240.545399722   1.1668456552918867    2.1324690589383137    4.4586874185635059   -318963.060631786298   121166.207199243858    54235.434156739488        60.549        6 
    240.545747130   1.1739255740524099    2.1511588952852549    4.4534727832889569   -314371.936216331844   121644.495240061296    51697.023123194886        41.359        5 
    240.546094352   1.1811798608093260    2.1696094244253810    4.4482616352439894   -310376.040505936777   121969.309038148058    49360.496962803576        40.967        5 
    240.546441759   1.1886114777219399    2.1878386450077829    4.4430485970097857   -306892.676659334858   122068.080758144788    47245.490588456058        40.620        5 
    240.546789155   1.1962121570789106    2.2058360302550386    4.4378364167317734   -303814.485631276330   121935.426806428266    45291.201819577414        40.305        5 
    240.547136562   1.2039773391524093    2.2236010145059262    4.4326251292009644   -301068.009704175522   121522.583890725364    43509.716999555749        40.013        5 
    240.547483785   1.2118983715896390    2.2411242871575507    4.4274174994269151   -298568.573422638234   120838.837230528690    41847.331829830684        39.736        5 
    240.547831007   1.2199748181494903    2.2584152199895482    4.4222108502275788   -296259.568587411835   119902.842851042995    40285.891553713984        39.469        5 
    240.548178403   1.2282065619553255    2.2754829488767960    4.4170025336123810   -294107.318189595477   118698.747096730745    38825.656920653884        39.208        5 
    240.548525810   1.2365851128649639    2.2923189980281080    4.4117952912428491   -292030.200388194935   117260.823456974977    37475.240567360015        38.948        5 
    240.548873206   1.2451061434991590    2.3089241861906227    4.4065891740845071   -289952.784946084721   115582.392144843325    36177.262840164258        38.679        5 
    240.549220428   1.2537608667350535    2.3252911030690293    4.4013869440330442   -287910.472079954576   113682.656416168364    34948.330067621617        38.407        5 
    240.549567836   1.2625541123820776    2.3414380512029327    4.3961832486799519   -285826.191022266168   111634.103535743241    33770.311163603779        38.127        5 
    240.549915058   1.2714726325785690    2.3573496726808050    4.3909835281978289   -283691.297277806152   109397.476451033159    32652.586214494178        37.836        5 
    240.550262465   1.2805216764843690    2.3730441595143081    4.3857824610348946   -281475.148479097348   107035.718337157552    31607.220101250394        37.535        5 
    240.550609861   1.2896926417609886    2.3885149611339900    4.3805827826657735   -279188.393999909458   104578.106691676934    30626.253557933902        37.226        5 
    240.550957269   1.2989816564529202    2.4037640143520922    4.3753845813567054   -276777.779920020781   101987.294999305741    29649.068764678115        36.902        5 
    240.551304664   1.3083849031546126    2.4187933992049504    4.3701878959207985   -274312.737762805191    99350.496252735204    28730.377210383333        36.572        5 
    240.551651887   1.3178936700719073    2.4335976616466324    4.3649955281595156   -271727.930814871041    96682.241134494310    27858.406860135059        36.232        5 
    240.551999109   1.3275091671816479    2.4481869821498483    4.3598048223745032   -269053.063298526977    93957.624252749549    27027.436201861638        35.883        5 
    240.552346516   1.3372328956896846    2.4625712013572318    4.3546131455481554   -266284.937261308660    91227.225716467758    26233.458620716949        35.526        5 
    240.552693912   1.3470564133139282    2.4767451639934506    4.3494232925007514   -263422.538017339655    88491.193406972365    25456.461487872279        35.162        5 
    240.553041134   1.3569711086468939    2.4907042204438805    4.3442380347448379   -260492.451883764181    85762.809976947654    24742.864543159667        34.793        5 
    240.553388542   1.3669839944026088    2.5044655512293326    4.3390520649384250   -257480.205516154587    83057.784117022980    24032.487237986861        34.418        5 
    240.553735764   1.3770813927039138    2.5180175149801696    4.3338708649050011   -254396.040146489628    80391.265516014202    23357.704565352324        34.038        5 
    240.554083160   1.3872706714966687    2.5313769947708527    4.3286891430109122   -251278.268009331601    77735.833692179702    22700.832274333952        33.657        5 
    240.554430567   1.3975435122981141    2.5445396385660426    4.3235096778101925   -248082.251744644862    75108.329062132281    22111.420626012143        33.271        5 
    240.554777789   1.4078915047520923    2.5575015911628269    4.3183352641939248   -244823.163007582218    72554.125934299984    21513.176041786181        32.882        5 
    240.555125012   1.4183170607839326    2.5702725907238562    4.3131633389957882   -241564.551323949068    70054.002560152978    20940.697439992684        32.495        5 
    240.555472234   1.4288173424927191    2.5828555085010128    4.3079940075956475   -238265.121656897885    67566.457000477982    20400.208233496713        32.107        5 
    240.555819641   1.4393951333498398    2.5952596076524799    4.3028246914616251   -234926.958354438015    65153.294175032090    19870.300995373873        31.717        5 
    240.556167037   1.4500423045723223    2.6074811935729376    4.2976582119993489   -231593.070675992349    62807.059849213081    19368.060872621580        31.331        5 
    240.556514259   1.4607506148725780    2.6195169309129369    4.2924974122398272   -228216.793575878371    60528.179203820429    18847.317670656281        30.943        5 
    240.556861667   1.4715287493468592    2.6313822433993921    4.2873370348164794   -224855.299484938820    58281.804895869936    18390.032463704745        30.558        5 
    240.557208889   1.4823629869569588    2.6430676531118422    4.2821826362009574   -221493.777197273128    56061.736044997495    17945.879248360587        30.175        5 
    240.557556285   1.4932622394367432    2.6545882171730590    4.2770289867326650   -218123.480815065734    53940.581582647093    17508.267615853969        29.795        5 
    240.557903692   1.5042185725103574    2.6659406452084391    4.2718789444081438   -214756.998282227869    51880.301766723132    17071.183042566132        29.416        5 
    240.558250914   1.5152239889485810    2.6771220095002213    4.2667353652582438   -211412.499652718077    49875.093418093442    16655.936697988793        29.042        5 
    240.558598137   1.5262819895025388    2.6881410732790747    4.2615957889112428   -208086.325631789950    47933.973549881222    16239.265207827470        28.672        5 
    240.558945359   1.5373905115327855    2.6990006282351020    4.2564603886085433   -204771.097121720726    46070.060095216089    15875.197012761368        28.306        5 
    240.559292755   1.5485532817486694    2.7097089773937797    4.2513267477724659   -201457.529804963735    44233.515019804239    15523.685804062479        27.941        5 
    240.559640162   1.5597625736485954    2.7202631664342012    4.2461977527555490   -198162.917575194122    42513.949034014950    15128.813166061154        27.581        5 
    240.559987384   1.5710105861238775    2.7306605253643448    4.2410763515712251   -194884.001526173437    40881.573074319349    14941.364160273479        27.226        5 
    240.560334780   1.5823071792932026    2.7409145759403915    4.2359574715346344   -191688.166851310263    39138.417331617966    14444.318892041847        26.875        5 
    240.560682187   1.5936447022589395    2.7510225095569556    4.2308440454193512   -188495.240127929515    37594.020047992082    14126.901681404735        26.530        5 
    240.561029410   1.6050154776300194    2.7609817836196657    4.2257390754185042   -185371.618225658167    35932.285495371863    13606.490013047514        26.189        5 
    240.561376817   1.6164296371301385    2.7708053561217789    4.2206375748393796   -182231.929348921636    34398.391993502039    13317.958241477747        25.850        5 
    240.561724039   1.6278736986733826    2.7804855294882671    4.2155452047555855   -179157.835109223553    32898.261365537517    13038.097423526451        25.519        5 
    240.562071435   1.6393579723102947    2.7900348953641618    4.2104570593378057   -176115.083700184652    31273.638684854406    13031.738735357387        25.192        5 
    240.562418843   1.6508749805900840    2.7994508548206718    4.2053762261192258   -173095.871800323424    29591.044854100510    13078.225170947102        24.867        5 
    240.562766065   1.6624172086427689    2.8087310090947351    4.2003057930639827   -170115.636025584477    28423.987276393091    12617.883424033451        24.551        5 
    240.563113461   1.6739952666774049    2.8178874302966470    4.1952409548450138   -167154.074789318547    27240.810189162912    12378.435505786048        24.239        5 
    240.563460868   1.6856017326451824    2.8269175938908404    4.1901849115805110   -164255.158625070937    26081.857511334820    12163.523027923886        23.933        5 
    240.563808090   1.6972292206617339    2.8358192108476965    4.1851408922491657   -161389.986420351343    24886.166323656304    11971.786448242241        23.631        5 
    240.564155486   1.7088885307793586    2.8446038113084069    4.1801042427436226   -158548.036486949131    23806.542199970427    11650.262629806090        23.332        5 
    240.564502894   1.7205723565125279    2.8532689679166334    4.1750783252364752   -155776.980856547307    22574.963961878690    11473.246650991325        23.040        5 
    240.564850116   1.7322733720230739    2.8618124381674956    4.1700664466771080   -153045.750692345988    21485.691447249381    11237.771241342314        22.753        5 
    240.565197523   1.7440025958864671    2.8702452859424659    4.1650642801156135   -150346.043705336284    20469.869200864312    10946.196631962288        22.471        5 
    240.565544919   1.7557528074655731    2.8785651242157679    4.1600753418834087   -147714.230200458376    19483.718284734350    10712.971373404544        22.196        5 
    240.565892141   1.7675167641982543    2.8867697965737289    4.1551032108704256   -145101.437232101482    18521.675984048918    10440.694291479376        21.923        5 
    240.566239549   1.7793056458334495    2.8948698622741778    4.1501438304977434   -142529.058821939252    17636.056354943506    10198.310398667101        21.656        5 
    240.566586771   1.7911061734203086    2.9028588992701509    4.1452035692826694   -139989.047337195021    16881.484768085793    10006.930888781153        21.394        5 
    240.566934167   1.8029296122815672    2.9107471653948753    4.1402786809590477   -137509.341582041088    16065.481311392388     9847.418113644399        21.137        5 
    240.567281574   1.8147688854388719    2.9185323967440810    4.1353732717102352   -135081.974120582774    15274.728210032401     9647.822636990128        20.886        5 
    240.567628796   1.8266168620835506    2.9262124944118604    4.1304914976184008   -132679.414792908356    14549.609347479171     9476.472802250402        20.639        5 
    240.567976019   1.8384788156980894    2.9337933758929000    4.1256327316721029   -130328.228721722495    13826.954319270819     9316.503437966665        20.397        5 
    240.568323414   1.8503600796736475    2.9412807204464344    4.1207966423229543   -128018.187829292627    13128.811679258390     9052.066204480952        20.159        5 
    240.568670637   1.8622474119323000    2.9486684941520633    4.1159905678769562   -125761.647713384125    12526.570593143511     8733.889133438841        19.927        5 
    240.569017859   1.8741461998769009    2.9559623537433612    4.1112147055174901   -123547.422988275270    11868.166730365221     8538.396708143828        19.699        5 
    240.569365266   1.8860618551308499    2.9631677112920465    4.1064697179670002   -121367.330040754168    11225.550108709889     8368.709264320320        19.475        5 
    240.569712662   1.8979874292323538    2.9702824235414367    4.1017615715457740   -119217.473330720619    10623.107504625885     8176.024226852991        19.255        5 
    240.570060069   1.9099221723092892    2.9773080964635148    4.0970942432055164   -117130.095753347923    10008.346333595589     8013.984482435881        19.041        5 
    240.570407292   1.9218591736308981    2.9842427478443923    4.0924747869108096   -115062.603572803404     9449.308792811244     7858.345270806343        18.830        5 
    240.570754699   1.9338101861388002    2.9910951514515203    4.0879036796713066   -113057.536890944903     8907.331466466403     7700.673159178208        18.625        5 
    240.571101921   1.9457620693407405    2.9978597054551268    4.0833918857363347   -111075.228109533346     8374.837162907590     7547.116650422891        18.423        5 
    240.571449317   1.9577266601108672    3.0045449492182095    4.0789419832969731   -109149.835708524974     7861.937140225429     7388.668116236224        18.226        5 
    240.571796725   1.9696971140378332    3.0111487933871861    4.0745647852774010   -107245.410875676636     7394.131279664316     7262.960623359853        18.033        5 
    240.572144120   1.9816728220079873    3.0176726634450044    4.0702704868860344   -105382.014958203144     6928.425594790362     7134.930888103889        17.843        5 
    240.572491343   1.9936469592136796    3.0241146320164871    4.0660732841418206   -103562.618190717752     6483.000027972485     7002.949880058997        17.658        5 
