Decimal day (2022)             r / R_J       theta / radians         phi / radians               B_r / nT              B_t / nT              B_p / nT    Error / nT    Range 
    272.679533472   1.9878901447338522    0.6295835596770928    5.7754237662479753     66421.444919139147    38127.875286727205     4632.808237445217        10.233        4 
    272.679880694   1.9757797762704006    0.6233337038645740    5.7678060999110370     68097.224434088246    38643.972760969722     4901.101968460320        10.405        4 
    272.680227917   1.9636718041916217    0.6170096726158271    5.7601177210871377     69818.868320948386    39168.414597179697     5163.395538849360        10.582        4 
    272.680575313   1.9515605054135299    0.6106068942493129    5.7523511269279650     71590.599175003794    39694.679953753694     5454.345735824900        10.764        4 
    272.680922720   1.9394527266325661    0.6041274032941016    5.7445066425850779     73417.803139025636    40223.495749804606     5780.715075233249        10.951        4 
    272.681270116   1.9273490811659291    0.5975699482937749    5.7365803682188012     75291.158225656458    40749.580859912443     6134.526400270785        11.143        4 
    272.681617338   1.9152564671294194    0.5909367259675639    5.7285723436191640     77230.035211824288    41284.607325403667     6479.772390648192        11.341        4 
    272.681964745   1.9031629097962608    0.5842195435896107    5.7204697364035493     79230.066464442047    41821.975479327368     6813.312457419961        11.545        4 
    272.682311968   1.8910816871566634    0.5774240945868208    5.7122762346298108     81282.254445808503    42365.021098324345     7178.656674328111        11.754        4 
    272.682659363   1.8790008725862006    0.5705419954379672    5.7039781933928069     83394.358215808272    42905.375291306525     7589.369289637609        11.969        4 
    272.683006586   1.8669337631832890    0.5635790776387244    5.6955787383441825     85575.820041378727    43445.814825320325     8031.149223314136        12.191        4 
    272.683353808   1.8548747869329341    0.5565304631504194    5.6870676895380061     87820.524825030123    43983.758047592455     8464.163270667326        12.418        4 
    272.683701030   1.8428247073196184    0.5493948032151623    5.6784387162070189     90124.948586392886    44545.723887026703     8883.311933951001        17.342        5 
    272.684048252   1.8307843131074997    0.5421707575224516    5.6696849814576247     92502.781309474754    45081.659764622891     9344.418245673660        17.582        5 
    272.684395475   1.8187544104375533    0.5348569892517062    5.6607991185934523     94941.721493334422    45631.801014254015     9874.427616962108        17.829        5 
    272.684742697   1.8067358424524589    0.5274521394069370    5.6517731515719678     97462.494149219972    46154.407293066375    10434.342971133039        18.083        5 
    272.685089919   1.7947294836580254    0.5199548681727294    5.6425984788008909    100055.789219853876    46679.821757232581    10976.972999697609        18.344        5 
    272.685437141   1.7827362393205004    0.5123638421983169    5.6332657681527127    102731.740354354624    47218.567107162075    11504.748960340461        18.614        5 
    272.685784549   1.7707507967494422    0.5046737177995481    5.6237598913535098    105495.096885940511    47754.603352765938    12078.706824269466        18.892        5 
    272.686131771   1.7587866330824113    0.4968911891731930    5.6140797523380730    108317.400933932426    48268.863791813594    12725.826961845101        19.176        5 
    272.686479167   1.7468322708297448    0.4890068786293441    5.6042032505849946    111221.132900237251    48783.621371964568    13426.170633859969        19.468        5 
    272.686826574   1.7348950019734404    0.4810235411923797    5.5941222903417280    114230.301136607028    49292.828837855675    14116.590273201255        19.770        5 
    272.687173796   1.7229820886992604    0.4729442129725046    5.5838280082705287    117300.480002820652    49779.844076462548    14805.683837768825        20.078        5 
    272.687521019   1.7110884431578308    0.4647635936748406    5.5732995485478778    120474.951479951502    50249.192655993909    15554.639143919529        20.395        5 
    272.687868241   1.6992152224679289    0.4564805906827591    5.5625197809976763    123726.006109835522    50713.334638066626    16358.164622780692        20.720        5 
    272.688215463   1.6873636231963085    0.4480941562925497    5.5514698565400025    127053.830277159694    51157.776234623539    17219.895832090100        21.054        5 
    272.688562685   1.6755348891526747    0.4396033456212007    5.5401289999542724    130504.251768786198    51603.277009137317    18101.274873311129        21.399        5 
    272.688910081   1.6637241637143787    0.4310028193052797    5.5284681615753000    134064.506406285189    52030.506631221586    18987.915938070357        21.755        5 
    272.689257488   1.6519389437488798    0.4222962381670002    5.5164678119754846    137699.628332339285    52440.376347339610    19916.222098493352        22.118        5 
    272.689604711   1.6401867375550767    0.4134876456824173    5.5041062848399864    141423.160924528260    52783.297180749680    20925.433555873460        22.489        5 
    272.689952106   1.6284567186536800    0.4045674540049712    5.4913394468117778    145266.466627645248    53150.163286506817    22035.285794057731        22.874        5 
    272.690299329   1.6167625964786840    0.3955447615780602    5.4781457888958851    149224.020203282300    53470.418087488928    23160.949886330491        23.269        5 
    272.690646736   1.6050936922283656    0.3864102086046424    5.4644725865653037    153252.140767849691    53762.758696404548    24273.844233345124        23.671        5 
    272.690994132   1.5934577169240236    0.3771687982128509    5.4502829215250923    157433.681638714508    54026.320796815497    25445.774012131180        24.087        5 
    272.691341539   1.5818562956579645    0.3678211997263967    5.4355277346751540    161693.467937224312    54235.714815464897    26756.309166078434        24.513        5 
    272.691688762   1.5702971539329702    0.3583734380662999    5.4201599322013667    166085.183942193631    54422.965603108147    28132.026638395932        24.952        5 
    272.692036169   1.5587700181814239    0.3488172191139731    5.4041009785362384    170604.159848164622    54561.123686000756    29603.894796138986        25.404        5 
    272.692383391   1.5472886779295858    0.3391646156705467    5.3872967781953038    175252.593895237602    54726.578383424698    30877.196699315020        25.867        5 
    272.692730787   1.5358430738639401    0.3294083648588101    5.3696491991899080    179999.739149956033    54698.958166519733    32598.139906668788        26.342        5 
    272.693078194   1.5244411548311563    0.3195570801854823    5.3510747288739982    184895.548916490428    54691.044731144859    34291.345932408985        26.833        5 
    272.693425417   1.5130908065047450    0.3096205520215133    5.3314783804837518    189915.799056713819    54584.401573560615    36094.311727077831        27.337        5 
    272.693772813   1.5017823040696852    0.2995941652324942    5.3107185196654996    195055.070661832578    54399.007569057852    37988.145094741922        27.853        5 
    272.694120035   1.4905295706153605    0.2894955321607995    5.2886771354562860    200368.554932497500    54118.004217481292    39918.903842539170        28.385        5 
    272.694467442   1.4793231192614877    0.2793230072139812    5.2651694715822641    205806.266675092280    53774.592604788617    41961.254206690530        28.931        5 
    272.694814838   1.4681711111426323    0.2690928087750344    5.2400187683328916    211455.164930533967    53284.759902396152    44204.734384915857        29.500        5 
    272.695162245   1.4570759254170493    0.2588184520708875    5.2130061578752152    217231.242580106074    52615.564995965971    46626.054087030447        30.082        5 
    272.695509468   1.4460457359799954    0.2485219677503326    5.1838918289303084    223168.619782223017    51796.594412536499    49126.787153258090        30.680        5 
    272.695856690   1.4350772986979154    0.2382185231815639    5.1523634689576694    229317.073755024117    50776.082723493178    51755.943727969017        31.300        5 
    272.696204097   1.4241675565445444    0.2279280597755232    5.1180524668993161    235656.800477826298    49522.135331034187    54537.107047273021        31.940        5 
    272.696551493   1.4133249431450967    0.2176871877917265    5.0805636536276513    242200.540624501911    47940.548568128135    57540.720641185311        32.601        5 
    272.696898900   1.4025522299136421    0.2075346046343972    5.0394162675513590    248913.752181984077    45970.841316044825    60808.503005718361        33.282        5 
    272.697246123   1.3918578552993102    0.1975233639911092    4.9940751962273522    255908.269645901863    43617.589318016100    64170.874886307800        33.991        5 
    272.697593519   1.3812336356006798    0.1877023503261750    4.9438467689130521    263140.075338897121    40775.191345991865    67654.906926964701        34.724        5 
    272.697940741   1.3706936727718102    0.1781551700612120    4.8880481255257751    270660.422696792171    37343.858167225750    71275.750968784967        35.486        5 
    272.698288148   1.3602301333830447    0.1689625431208993    4.8258038949272573    278459.218635866710    33166.553840644854    74949.147480644882        36.277        5 
    272.698635544   1.3498517635019773    0.1602408066151439    4.7562687689899779    286547.726617508742    27834.022086163939    78819.114283564413        37.099        5 
    272.698982951   1.3395618923526174    0.1521249582643577    4.6785723287838428    294997.125431332563    21554.638271166303    82410.743910105346        37.955        5 
    272.699330174   1.3293692382519486    0.1447793761848296    4.5919977019132201    303752.624972584483    14171.043635058370    85697.041645488134        38.843        5 
    272.699677396   1.3192719164181084    0.1383853789101157    4.4960128533677697    312875.246442855685     5475.920626340463    88387.220996701275        39.766        5 
    272.700024792   1.3092683818389121    0.1331463043626410    4.3905572186057196    322389.771050366107    -4693.293056668008    90246.376782787585        40.731        5 
    272.700372199   1.2993676113010098    0.1292798418699430    4.2764145739849226    332304.694107822492   -16164.653618864126    90815.311958533450        41.737        5 
    272.700719606   1.2895734394159382    0.1269883631330811    4.1552500038738440    342645.156733769982   -28503.531807636769    89689.047691973741        42.783        5 
    272.701066829   1.2798947649083663    0.1264371371004947    4.0297364420970876    353444.900782308308   -41168.920896341537    86672.971359250078        43.874        5 
    272.701414225   1.2703254978021543    0.1277294453542442    3.9030337153224952    364697.711848388950   -53696.012232515815    81719.775687685687        45.008        5 
    272.701761447   1.2608797287952631    0.1308910504712337    3.7787473392104300    376425.409745118406   -65688.485762152981    74968.443788534030        46.190        5 
    272.702108854   1.2515517822013942    0.1358755659993217    3.6598389283677077    388618.008212259738   -76640.453186160506    66684.753702086309        66.158        6 
    272.702456250   1.2423509121628724    0.1425701100689885    3.5486564359449502    401344.766295179375   -86190.228288996528    57392.155981839154        67.439        6 
    272.702803472   1.2332861645277260    0.1508193015687207    3.4465679797493580    414646.146751374181   -94210.763199216817    47538.418357127943        68.776        6 
    272.703150880   1.2243525768159238    0.1604653246670379    3.3539096871645078    428405.152451148606  -100800.868206235478    37192.636828317532        70.157        6 
    272.703498102   1.2155639596224548    0.1713340593423362    3.2705697095833339    442785.555556403473  -106202.757475725070    26768.654324616000        71.603        6 
    272.703845498   1.2069158287929214    0.1832859644790012    3.1958469347550484    457577.743530932581  -110618.507968725404    16071.767970503292        73.093        6 
    272.704192905   1.1984174647848449    0.1961832018653330    3.1289691108396216    473019.112033377518  -114032.374688311233     5454.201186377363        74.650        6 
    272.704540313   1.1900736786023778    0.2099128277076024    3.0690556607234947    489148.770709762990  -116513.442352675411    -4984.607816322246        76.276        6 
    272.704887535   1.1818935150557663    0.2243725496516630    3.0152755031398013    505892.536093813309  -118256.064337076328   -15425.852728602435        77.966        6 
    272.705234931   1.1738733595630972    0.2394989942646375    2.9667828947489565    523349.504097882775  -119520.656979643754   -25989.315595537082        79.735        6 
    272.705582153   1.1660265174090625    0.2552116082699701    2.9229250116916146    541667.898056689766  -120182.100281549108   -36980.518037225214        81.597        6 
    272.705929560   1.1583498272239432    0.2714731339683246    2.8830416437487187    560864.653261138941  -120051.621339474106   -48090.924057387703        83.548        6 
    272.706276956   1.1508524638305304    0.2882309842155873    2.8466263178223259    581226.448819200625  -119184.120541689976   -59319.644790613878        85.618        6 
    272.706624178   1.1435432692742860    0.3054388000765341    2.8132411856139701    602911.761147179524  -117438.234517376739   -70704.917221648517        87.820        6 
    272.706971586   1.1364197058993866    0.3230831133593695    2.7824634854173032    625756.600892080110  -114648.601219038945   -82772.089481761621        90.143        6 
    272.707318808   1.1294943004463975    0.3411188007526281    2.7539945069051983    650069.764967599767  -110510.507312732341   -95254.088452780779        92.614        6 
    272.707666204   1.1227649605711627    0.3595415372025502    2.7275220683633723    676146.078541441006  -104684.452712363913  -108290.854816232488        95.261        6 
    272.708013611   1.1162404360340901    0.3783218234884658    2.7028199072993186    703793.010532525368   -96427.561088685092  -121746.343249323938        98.062        6 
    272.708361019   1.1099257845960475    0.3974416902470541    2.6796809083695123    733178.812437717104   -85166.735256984190  -135546.298737881792       101.035        6 
    272.708708414   1.1038260488195897    0.4168849557074689    2.6579269770861842    763660.808916673530   -70260.192311216204  -150074.409103868646       104.133        6 
    272.709055637   1.0979492194301885    0.4366264382283101    2.6374150450997655    794881.793435948435   -50979.592055592278  -165162.040547903802       107.335        6 
    272.709402859   1.0922969640763274    0.4566624020602934    2.6180008230631899    826054.014707929920   -26276.705558452755  -180411.345319147978       110.583        6 
    272.709750266   1.0868713633697056    0.4769904798622541    2.5995598463061378    856199.221803693450     4454.917396518926  -195912.297989596438       113.823        6 
    272.710097662   1.0816801662045670    0.4975878269229644    2.5820020008324640    883678.610854193103    41906.734069079277  -211251.597503011784       116.944        6 
    272.710444884   1.0767305078424363    0.5184314122121314    2.5652480614843571    906619.903047484113    86139.909174599859  -226351.007030935318       119.830        6 
    272.710792292   1.0720217459354850    0.5395310746011822    2.5492036024640767    922996.378443914698   137018.617507420829  -241002.020349209517       122.362        6 
    272.711139514   1.0675631340161393    0.5608530923641785    2.5338175919839920    930366.439733525622   193927.446189095441  -254596.349838197464       124.377        6 
    272.711486910   1.0633542507674447    0.5824079370075234    2.5190142150605284    926648.576248780824   255252.773948521935  -266404.664243915002       125.729        6 
    272.711834317   1.0594015167402095    0.6041727581393520    2.5047486414091065    909745.932124469662   318502.217451549135  -276311.585655912233       126.260        6 
    272.712181539   1.0557106244608991    0.6261241690496934    2.4909808381634702    878750.170338237775   380187.577945404046  -284076.222907597024       125.861        6 
    272.712528762   1.0522830928147675    0.6482614153466117    2.4776613908359129    833889.987243696814   437045.213950991631  -289274.159593743272       124.481        6 
    272.712875984   1.0491223212810601    0.6705722728379953    2.4647528453761534    777016.121155800880   485551.497885365738  -290926.933947520040       122.123        6 
    272.713223206   1.0462315107550137    0.6930443338892590    2.4522217019883708    711175.921969931107   523149.713493629766  -289004.321472560521       118.887        6 
    272.713570428   1.0436135650291414    0.7156649433955754    2.4400378397945870    639747.447266034782   548341.115972557338  -284039.440586130542       114.908        6 
    272.713917824   1.0412700522685654    0.7384331584915514    2.4281680211281480    566355.160107356962   561018.266788193374  -276256.779979700164       110.360        6 
    272.714265231   1.0392047846289958    0.7613241406929381    2.4165941955688819    494630.860313675366   562125.907230666955  -266285.514137375809       105.462        6 
    272.714612454   1.0374207528824555    0.7843126261081838    2.4052999501936441    426948.465130036348   553140.059442880913  -254006.667906443472       100.340        6 
    272.714959850   1.0359179242986902    0.8074091079079274    2.3942534422558848    365073.433328897459   535980.474375693942  -240294.675394147838        95.151        6 
    272.715307257   1.0346988092629228    0.8305880347887963    2.3834423255548587    310248.239668388502   512574.535432349949  -226103.480907189631        90.032        6 
    272.715654479   1.0337650762195600    0.8538235307369666    2.3728554119708618    263070.156027955178   484560.867574167554  -211897.387916371954        85.061        6 
    272.716001887   1.0331166197510797    0.8771259773224930    2.3624664836963647    223521.244911900052   454107.532501465175  -197894.019912199321        80.338        6 
    272.716349109   1.0327547369086965    0.9004572096729828    2.3522724795490109    191587.050528183929   422502.885265919205  -184341.279430722585        75.913        6 
    272.716696505   1.0326792868008270    0.9238275916128602    2.3422500640378239    166361.039595839451   391387.868809256935  -171507.983681259793        71.850        6 
    272.717043912   1.0328904823577914    0.9472110800407402    2.3323929312877807    147153.749013147491   361530.399968218582  -159631.020424455259        68.165        6 
    272.717391134   1.0333876285459092    0.9705816018277199    2.3226953481137715    132745.462380083540   333599.939959781012  -148605.734185095993        64.852        6 
    272.717738530   1.0341705538940542    0.9939497466938232    2.3131373472791474    122471.089488308440   307989.128103086376  -138418.690008495585        61.913        6 
    272.718085937   1.0352380423695002    1.0172897028727987    2.3037149000685049    115412.487526360725   284798.443054471165  -129032.283579897179        59.323        6 
    272.718433160   1.0365880113885888    1.0405758507862946    2.2944244083951535    111166.851944829177   264286.935619238997  -120246.303823117836        57.085        6 
    272.718780556   1.0382202754858336    1.0638192278612670    2.2852484214348365    108769.283718456383   246065.189917886863  -112244.963942705144        36.399        5 
    272.719127963   1.0401322575351326    1.0869947082894014    2.2761845946095245    107825.777148158566   230267.211590050923  -104951.274779587489        34.755        5 
    272.719475185   1.0423205596384066    1.1100775588947356    2.2672308905322045    107862.801845675393   216679.197975148185   -98303.388475656539        33.372        5 
    272.719822581   1.0447850031076582    1.1330795020016651    2.2583717920945192    108476.469917389375   205070.761701221287   -92123.907570468175        32.209        5 
    272.720169988   1.0475217866782383    1.1559764689648193    2.2496062054232646    109406.688017666340   195148.155134237721   -86421.653063272970        31.231        5 
    272.720517211   1.0505262863733473    1.1787450539933260    2.2409332609961674    110439.589591173863   186571.748515193554   -81277.159313450989        30.402        5 
    272.720864618   1.0537984269079892    1.2013977991299343    2.2323389352108545    111525.434766802369   179070.232294783753   -76656.813349354459        29.693        5 
    272.721211840   1.0573313624835656    1.2239004101165276    2.2238274796141342    112755.235033317906   172529.783121518238   -72493.038621343570        29.096        5 
    272.721559236   1.0611251261920216    1.2462660941778316    2.2153857085699293    114243.880394613487   166916.935740413290   -68734.225405925419        28.610        5 
    272.721906644   1.0651741050809758    1.2684733324150528    2.2070139779369224    115995.088301304524   162217.601568337734   -65297.422589996699        28.231        5 
    272.722253866   1.0694719931055234    1.2905014809869073    2.1987127667796127    118040.821798202785   158518.108237747801   -62288.059516423986        27.969        5 
    272.722601262   1.0740190869190502    1.3123647578251010    2.1904698920728469    120219.221167436408   156009.818938453740   -59693.724652732068        27.827        5 
    272.722948484   1.0788063263556233    1.3340322475361313    2.1822905586466530    122412.869419005641   154781.279395315913   -57403.313062402143        27.798        5 
    272.723295891   1.0838342520089626    1.3555188804338534    2.1741631000947907    124394.161154031113   154929.703794370056   -55317.408436167134        27.871        5 
    272.723643287   1.0890958573207561    1.3768062203290434    2.1660888482526031    125843.324552375474   156440.231505219708   -53418.254250748614        28.023        5 
    272.723990694   1.0945864812283086    1.3978877160149723    2.1580650150398171    126463.224307548371   159202.734186913527   -51735.349041985239        28.227        5 
    272.724337917   1.1002983212153730    1.4187465432569246    2.1500931346965917    125981.376871897752   163026.936504313722   -50251.537256330987        28.454        5 
    272.724685324   1.1062325108835014    1.4393989586210849    2.1421624375078583    124200.426281703505   167684.350423051685   -48851.196886482896        28.678        5 
    272.725032546   1.1123779793716033    1.4598185081005051    2.1342788556305683    121070.065203617676   172847.461995447840   -47469.892440656629        28.877        5 
    272.725379769   1.1187328529752649    1.4800115911549825    2.1264360734182777    116532.143536165997   178189.078180598794   -46055.143560828204        29.031        5 
    272.725727164   1.1252956113578003    1.4999845849679270    2.1186279646912047    110702.703014134706   183448.605897890375   -44660.764652458791        29.134        5 
    272.726074387   1.1320544464729614    1.5197132806101039    2.1108607028456370    103685.651295160744   188313.783889640996   -43374.702316301322        29.178        5 
    272.726421609   1.1390077498790454    1.5392051724723694    2.1031283923012865     95760.330202012003   192697.362714812800   -42077.897409836420        29.173        5 
    272.726768831   1.1461505322081460    1.5584577580152759    2.0954292551659304     87068.324718993215   196459.859359480412   -40710.004856247237        29.119        5 
    272.727116238   1.1534816693895154    1.5774788106270676    2.0877576764421484     77829.277906988689   199520.333171887498   -39321.115807013564        29.022        5 
    272.727463461   1.1609885692113382    1.5962468875466236    2.0801200768673711     68215.279970757212   201854.728509407258   -37986.218853927392        28.891        5 
    272.727810856   1.1686741346869096    1.6147802926545081    2.0725070119842632     58370.996065813859   203481.040363063017   -36743.563570574988        28.734        5 
    272.728158079   1.1765254603452262    1.6330588953753760    2.0649249873569691     48411.556885413382   204397.177848206949   -35502.558841544480        28.552        5 
    272.728505486   1.1845458827773598    1.6511012282141615    2.0573647882260402     38540.426431310741   204657.202662159340   -34241.169884494666        28.354        5 
    272.728852882   1.1927265632042516    1.6688975586239962    2.0498290830337536     28814.667245467550   204293.906820106087   -32976.628106580574        28.142        5 
    272.729200289   1.2010627353425605    1.6864480524316663    2.0423166658851328     19285.576834675718   203329.436365322850   -31795.983796917073        27.919        5 
    272.729547512   1.2095453024858558    1.7037442607539375    2.0348302907595270     10062.198169281375   201845.341015985730   -30718.908029172097        27.691        5 
    272.729894734   1.2181739259724320    1.7207961214980960    2.0273649337158841      1158.028269861581   199920.118175118521   -29649.910667757023        27.461        5 
    272.730242130   1.2269486873399456    1.7376133666498577    2.0199156882246143     -7302.281500199730   197544.423041403410   -28550.796381905013        27.223        5 
    272.730589537   1.2358606878080676    1.7541882932412447    2.0124854343357366    -15379.470234071538   194836.028134547552   -27486.848267559875        26.987        5 
    272.730936944   1.2449055286348982    1.7705224090205860    2.0050732623371395    -22966.043167166725   191789.559488337167   -26510.055491593124        26.747        5 
    272.731284340   1.2540789161882582    1.7866174061996503    1.9976782253684933    -30123.659474791944   188503.034349827067   -25641.497223215923        26.511        5 
    272.731631563   1.2633717687171397    1.8024669834274492    1.9903033268606118    -36815.177997864863   184997.468611400574   -24749.829462553447        26.275        5 
    272.731978785   1.2727847151895224    1.8180816301693226    1.9829438620524162    -43038.282396337825   181349.277753009053   -23829.105376142612        26.041        5 
    272.732326192   1.2823186948578831    1.8334715239402961    1.9755952458803960    -48771.667100215273   177584.452424917079   -22978.956007799028        25.810        5 
    272.732673588   1.2919649277893901    1.8486308394034530    1.9682605379971330    -54119.327857158743   173705.615856171324   -22224.181971495058        25.580        5 
    272.733020810   1.3017144238089671    1.8635543326779871    1.9609428343428377    -59005.660896479661   169796.263904782012   -21508.544881580339        25.355        5 
    272.733368218   1.3115736034118815    1.8782601686800970    1.9536338178612831    -63522.047690401210   165853.015177378315   -20779.455424844324        25.133        5 
    272.733715440   1.3215284900867161    1.8927357190776217    1.9463404191253120    -67608.888960238866   161900.153008073394   -20061.905526874580        24.911        5 
    272.734062836   1.3315859309679821    1.9069988669642643    1.9390544228889648    -71360.605102903035   157968.538170193206   -19399.740455234263        24.694        5 
    272.734410243   1.3417372529538996    1.9210448859986955    1.9317790028630826    -74768.625451035914   154084.376486687164   -18787.713614041932        24.481        5 
    272.734757639   1.3519790507336882    1.9348766906380797    1.9245135746733495    -77877.742107977159   150202.908459717000   -18228.678633019961        24.269        5 
    272.735104861   1.3623026293781508    1.9484902496888914    1.9172613460559389    -80710.827561815066   146405.017546916322   -17679.558931147265        24.063        5 
    272.735452269   1.3727155387118848    1.9619027852909896    1.9100142219177567    -83233.836526749466   142660.643701208988   -17124.564935782961        23.857        5 
    272.735799491   1.3832038167722156    1.9751033800016642    1.9027792326669615    -85509.337432225046   139000.908116495935   -16586.259781363486        23.656        5 
    272.736146898   1.3937753257784027    1.9881089015370144    1.8955483147293952    -87522.361120207483   135401.092004601029   -16106.227894109055        23.455        5 
    272.736494294   1.4044217003653157    2.0009155330223485    1.8883247781654298    -89346.142789736143   131853.990112368338   -15696.614097819111        23.257        5 
    272.736841516   1.4151344797733405    2.0135199043947911    1.8811118784381307    -90937.435590140260   128389.256840587943   -15262.901763325477        23.060        5 
    272.737188924   1.4259220156732126    2.0259382818247649    1.8739016786064564    -92376.024480726453   125031.158776898228   -14827.691531650642        22.869        5 
    272.737536146   1.4367704158983368    2.0381608885474134    1.8667012351023862    -93622.074200035655   121754.626471032170   -14401.718993245122        22.679        5 
    272.737883542   1.4476883332405612    2.0502035885725602    1.8595026253471558    -94667.924077117597   118538.002857089494   -14056.233371952032        22.488        5 
    272.738230949   1.4586676070101368    2.0620631078201903    1.8523092022103669    -95584.338269167376   115404.248259751446   -13713.562410654908        22.300        5 
    272.738578345   1.4697057861586513    2.0737425626493335    1.8451205580935295    -96378.745935167914   112338.520412878162   -13377.077736956635        22.115        5 
    272.738925567   1.4807946923885122    2.0852391140651023    1.8379400564833106    -97021.382064079589   109352.594413612329   -13008.840822525628        21.930        5 
    272.739272975   1.4919435521436184    2.0965678253660673    1.8307598442088726    -97534.481162732758   106462.402722558851   -12682.940421854124        21.747        5 
    272.739620197   1.5031385400983421    2.1077199439206806    1.8235870445764855    -97948.376313883258   103657.630126483753   -12412.923070867892        21.568        5 
    272.739967604   1.5143891354658938    2.1187101342283841    1.8164138296032224    -98254.437456881758   100894.090586455568   -12139.448629269551        21.388        5 
    272.740315000   1.5256874447567601    2.1295355241587024    1.8092436114617421    -98468.585402513156    98211.349756389245   -11866.237882768026        21.211        5 
    272.740662222   1.5370254910362700    2.1401935728987169    1.8020797716183623    -98568.314419678354    95627.014616579778   -11565.649260291240        21.035        5 
    272.741009630   1.5484131431726147    2.1506983306326943    1.7949145541506430    -98610.270531250557    93082.978987251030   -11292.371852605469        20.861        5 
    272.741356852   1.5598366243318660    2.1610417437700797    1.7877550820211638    -98568.939070036053    90609.419944455178   -11096.020270165020        20.688        5 
    272.741704248   1.5713060116051474    2.1712374423119809    1.7805936210775630    -98433.833162766256    88227.280568038695   -10909.306912771874        20.517        5 
    272.742051655   1.5828135709921420    2.1812828134727322    1.7734335911943375    -98237.077230413473    85864.780128095648   -10682.669082558903        20.344        5 
    272.742398877   1.5943515697101327    2.1911755267729576    1.7662784423445621    -97995.491830329527    83596.176793674837   -10420.740008122601        20.176        5 
    272.742746100   1.6059243285369451    2.2009235840577772    1.7591241614882556    -97673.813357253835    81407.527049113298   -10188.004081701099        20.009        5 
    272.743093322   1.6175302166278260    2.2105296642393362    1.7519704829859597    -97326.062168099597    79240.472846591190   -10003.716952438645        19.844        5 
    272.743440544   1.6291677008370717    2.2199964263404395    1.7448171352208166    -96905.732451245887    77149.497128458854    -9842.392693519429        19.679        5 
    272.743787766   1.6408352734766127    2.2293264561322612    1.7376638732735634    -96461.783296050300    75117.035521426151    -9643.824438333122        19.517        5 
    272.744135162   1.6525375714485533    2.2385270759433578    1.7305066919942027    -95949.246273505472    73133.033686958559    -9447.365840160779        19.355        5 
    272.744482569   1.6642671233710169    2.2475959107179357    1.7233490964703617    -95423.486120455258    71211.096267792076    -9237.625522187198        19.196        5 
    272.744829792   1.6760164422599981    2.2565308058493496    1.7161945572484454    -94849.273446465595    69341.488349348161    -9083.568819353826        19.038        5 
    272.745177187   1.6877964467126096    2.2653435079308970    1.7090353825815723    -94264.530985375139    67511.326008828095    -8936.219178001666        18.883        5 
    272.745524410   1.6995936193101873    2.2740272020681971    1.7018787987609658    -93624.785616417736    65726.924276777238    -8786.912196151707        18.727        5 
    272.745871632   1.7114128416366494    2.2825888514931467    1.6947208625367707    -92972.407911873845    64010.472574941705    -8590.781021341305        18.574        5 
    272.746218854   1.7232529316547835    2.2910307520873041    1.6875613232732685    -92284.676936051212    62340.466862840789    -8433.832221363880        18.422        5 
    272.746566076   1.7351127559998298    2.2993551509649071    1.6803999902007167    -91589.815661684435    60723.945772030260    -8304.529900090167        18.274        5 
    272.746913299   1.7469911975856474    2.3075642419553390    1.6732366242322840    -90849.656557711656    59121.237543097683    -8172.626621663008        18.124        5 
    272.747260706   1.7588933979508456    2.3156643796628775    1.6660673067686829    -90116.771548955716    57604.694177068632    -8031.034539612596        17.979        5 
    272.747608102   1.7708121225863294    2.3236533740369061    1.6588955347373375    -89360.431337753107    56079.042513005828    -7887.557817679768        17.833        5 
    272.747955509   1.7827463924074758    2.3315333050448399    1.6517211193169039    -88593.803430779182    54621.628760933825    -7724.600098785008        17.690        5 
    272.748302731   1.7946890216871731    2.3393021822340252    1.6445475927503770    -87791.539609702479    53213.587337294201    -7593.904994605010        17.548        5 
    272.748649954   1.8066452689687595    2.3469661359354497    1.6373710234393586    -87006.702950540435    51824.632381126226    -7504.879196308887        17.409        5 
    272.748997176   1.8186142500203963    2.3545271123940941    1.6301912044507965    -86217.635386377951    50491.454517153368    -7352.352582251253        17.272        5 
    272.749344398   1.8305950885694764    2.3619870134892613    1.6230079607727852    -85386.952311618661    49170.874981558765    -7225.179873822332        17.134        5 
    272.749691620   1.8425869522650267    2.3693477212327734    1.6158210939347599    -84579.393582024597    47896.411153016779    -7103.951837617124        17.000        5 
    272.750038843   1.8545890244962313    2.3766110595247727    1.6086304233303101    -83754.249698613334    46703.112527732519    -6992.090445699423        16.869        5 
    272.750386238   1.8666067822668395    2.3837825235609191    1.6014319967769064    -82904.948947616067    45491.610554370382    -6905.753948443622        16.736        5 
    272.750733461   1.8786269696475040    2.3908564068804870    1.5942331532485807    -82083.221951823754    44316.920968349143    -6791.348131057735        16.607        5 
    272.751080683   1.8906550953863965    2.3978381876928045    1.5870299369540113    -81251.610218551708    43185.841732472451    -6658.781004542397        16.480        5 
    272.751427905   1.9026904647805643    2.4047295390793959    1.5798221901548508    -80406.004169206411    42091.168724071431    -6531.841839638568        16.353        5 
    272.751775313   1.9147386670443485    2.4115356397126435    1.5726059816269822    -79575.604763498442    41000.288592106175    -6445.391988913762        16.229        5 
    272.752122535   1.9267864957263550    2.4182509941599672    1.5653886192444462    -78710.326243269272    39962.064584544773    -6358.080946976583        16.104        5 
    272.752469931   1.9388458703329723    2.4248841879939547    1.5581624431103256    -77882.401757602158    38943.379119662706    -6276.110357327485        15.984        5 
    272.752817153   1.9509036256624583    2.4314298576117004    1.5509347823715900    -77042.943694692323    37940.989551469967    -6151.811964465651        15.864        5 
    272.753164560   1.9629717228743695    2.4378963202785271    1.5436979608495076    -76216.419618604035    37005.525460554752    -6023.723871735337        15.748        5 
    272.753511956   1.9750433250013777    2.4442816343511167    1.5364555423834168    -75379.970278273497    36062.129683316089    -5937.150726952850        10.942        4 
    272.753859178   1.9871115718466628    2.4505839809506815    1.5292111604903034    -74549.783692369194    35150.629738352131    -5865.410270471388        10.828        4 
    272.754206586   1.9991885106882190    2.4568113369544355    1.5219570780281755    -73728.688782567115    34262.604483799762    -5779.674362353609        10.716        4 
