Model Coefficients (in nT) 
L_int = 30 , L_ext = 1 
lambda = 2.22e-08 , beta = 0 
g    1    0    +410813.159140 
g    1    1     -71440.865469 
h    1    1     +20588.241708 
g    2    0     +11977.720516 
g    2    1     -56717.422678 
g    2    2     +47983.726241 
h    2    1     -42691.192841 
h    2    2     +20826.644919 
g    3    0      +2958.727762 
g    3    1     -37178.718910 
g    3    2     +15076.460224 
g    3    3      -1005.684466 
h    3    1     -32908.920147 
h    3    2     +42627.004773 
h    3    3     -27379.138614 
g    4    0     -34234.165480 
g    4    1      -8319.726196 
g    4    2      -2703.251371 
g    4    3     -10743.945728 
g    4    4     -17859.347149 
h    4    1     +32206.590555 
h    4    2     +27443.858631 
h    4    3       -740.456961 
h    4    4      -1708.017501 
g    5    0     -18123.283236 
g    5    1      +3987.632186 
g    5    2     +16497.518775 
g    5    3     -17407.483069 
g    5    4      -2839.040189 
g    5    5      -5314.314712 
h    5    1     +45434.244572 
h    5    2       -651.565513 
h    5    3      +5708.602465 
h    5    4     +10488.719064 
h    5    5      +9999.943288 
g    6    0     -20834.277809 
g    6    1      +9479.718280 
g    6    2     +11962.039504 
g    6    3     -12487.974951 
g    6    4      +2460.452308 
g    6    5      +1503.232589 
g    6    6      +7920.325983 
h    6    1     +13730.376284 
h    6    2      -9796.349413 
h    6    3       -496.625686 
h    6    4     +13993.038210 
h    6    5      -3617.423875 
h    6    6      +5046.509268 
g    7    0       -120.959002 
g    7    1      +5567.029774 
g    7    2      -6734.899654 
g    7    3      -1515.205429 
g    7    4      -7183.562803 
g    7    5      +3147.839149 
g    7    6      -2388.645693 
g    7    7      +3913.517998 
h    7    1      -7099.374565 
h    7    2     -11468.226010 
h    7    3      +2077.283055 
h    7    4      +5198.831921 
h    7    5      -6524.632365 
h    7    6      -1968.006747 
h    7    7      -5757.248331 
g    8    0     +11876.035365 
g    8    1       +729.871022 
g    8    2      -7230.865670 
g    8    3       -287.634143 
g    8    4      -4562.800806 
g    8    5      -1430.657036 
g    8    6      -4229.840471 
g    8    7      -1486.744415 
g    8    8      -3008.753824 
h    8    1      -2887.715783 
h    8    2     -12650.025654 
h    8    3      +9944.557548 
h    8    4      -1672.785779 
h    8    5      +2304.749372 
h    8    6      -3279.884660 
h    8    7       +845.644745 
h    8    8      -3286.454266 
g    9    0      +8313.981980 
g    9    1      -3075.572101 
g    9    2       +835.035032 
g    9    3       +859.316213 
g    9    4      +3532.704008 
g    9    5      -3221.354595 
g    9    6      +1414.023510 
g    9    7      -1516.001554 
g    9    8      +1302.881415 
g    9    9      -2366.060808 
h    9    1      -7569.728617 
h    9    2      -1275.465320 
h    9    3      +6316.571958 
h    9    4      -1330.129110 
h    9    5      +3480.629341 
h    9    6       -126.302151 
h    9    7      +1842.727678 
h    9    8       +943.007246 
h    9    9      +1872.440018 
g    10   0      -1272.393614 
g    10   1      +1262.237688 
g    10   2      +1914.306758 
g    10   3      +4182.716432 
g    10   4      +3827.662603 
g    10   5       +618.376395 
g    10   6      +2011.711842 
g    10   7       +749.803097 
g    10   8      +2372.048131 
g    10   9       +800.143858 
g    10   10     +1190.420095 
h    10   1      -5977.699788 
h    10   2      +5481.039002 
h    10   3      -2446.049694 
h    10   4      -1525.541154 
h    10   5       -299.929039 
h    10   6       -637.987507 
h    10   7      -1686.608998 
h    10   8       +451.210199 
h    10   9       -864.718466 
h    10   10     +1622.886122 
g    11   0      +1358.493587 
g    11   1      +3056.373706 
g    11   2      -1454.423618 
g    11   3      +3935.419955 
g    11   4       +538.608728 
g    11   5       +222.095486 
g    11   6      -1089.223496 
g    11   7       -433.304090 
g    11   8       +734.857039 
g    11   9       +341.416758 
g    11   10      -328.044450 
g    11   11     +1097.229304 
h    11   1       +511.476250 
h    11   2      +4705.276699 
h    11   3      -4120.721527 
h    11   4      -2989.839375 
h    11   5       -339.830516 
h    11   6      -2748.391999 
h    11   7      -1367.263730 
h    11   8      -1631.109577 
h    11   9      -1445.564076 
h    11   10      -552.578150 
h    11   11      -553.428700 
g    12   0      +2925.879567 
g    12   1      +1523.709918 
g    12   2       -648.777757 
g    12   3       +338.824631 
g    12   4       -572.231820 
g    12   5      -1026.295818 
g    12   6       -857.997252 
g    12   7      -1998.118263 
g    12   8       +529.478758 
g    12   9      -1376.099732 
g    12   10      -690.190744 
g    12   11      -646.368887 
g    12   12      -247.617967 
h    12   1      +4466.782246 
h    12   2      +1956.573631 
h    12   3      -1948.546688 
h    12   4      -1010.726170 
h    12   5      +1036.721638 
h    12   6      -1069.669194 
h    12   7       +739.022520 
h    12   8       -911.376383 
h    12   9       -586.116426 
h    12   10       -48.204566 
h    12   11       +34.507816 
h    12   12      -715.058862 
g    13   0      +1414.466995 
g    13   1       -747.612571 
g    13   2      +1266.824079 
g    13   3      -1785.795724 
g    13   4        -87.762778 
g    13   5       +240.391373 
g    13   6       +314.961468 
g    13   7       -836.764758 
g    13   8       +983.366702 
g    13   9       -498.032749 
g    13   10      -102.407201 
g    13   11      -147.703545 
g    13   12       -73.722684 
g    13   13      -219.080744 
h    13   1      +3135.588884 
h    13   2       +348.433371 
h    13   3       -543.327980 
h    13   4      +1872.451411 
h    13   5       +146.925862 
h    13   6       +886.291162 
h    13   7       +972.993937 
h    13   8       +313.530108 
h    13   9       -172.629841 
h    13   10     +1065.952808 
h    13   11      +432.255801 
h    13   12      +565.756085 
h    13   13       +55.774381 
g    14   0      +1415.156781 
g    14   1      -2179.302642 
g    14   2       +991.834021 
g    14   3      -1414.821623 
g    14   4       -114.673307 
g    14   5      +1082.549483 
g    14   6        +83.975231 
g    14   7       +554.815183 
g    14   8       +686.076452 
g    14   9       +224.605413 
g    14   10       +94.738163 
g    14   11      +283.558779 
g    14   12      +180.166678 
g    14   13      +229.143290 
g    14   14       +36.643782 
h    14   1       -190.209655 
h    14   2       -186.442025 
h    14   3        +87.799252 
h    14   4      +1505.091214 
h    14   5       -963.541268 
h    14   6       +699.659559 
h    14   7       +180.759065 
h    14   8       -120.990665 
h    14   9       -196.068660 
h    14   10      +472.329568 
h    14   11      +295.251628 
h    14   12      +199.771375 
h    14   13      +139.590455 
h    14   14       +34.406732 
g    15   0      +1024.236191 
g    15   1      -1858.076754 
g    15   2        -75.415170 
g    15   3       -605.490738 
g    15   4       -511.805391 
g    15   5       +168.171797 
g    15   6       -365.097071 
g    15   7       +373.142301 
g    15   8       -228.886997 
g    15   9       -117.926077 
g    15   10       +91.918021 
g    15   11       -45.357070 
g    15   12      +216.177701 
g    15   13        +9.353117 
g    15   14      +137.759382 
g    15   15      -174.309354 
h    15   1      -1630.424311 
h    15   2       -403.294780 
h    15   3       +522.081867 
h    15   4        -36.141429 
h    15   5       -627.111083 
h    15   6       +195.434748 
h    15   7        +49.924130 
h    15   8       -652.789268 
h    15   9        -21.504325 
h    15   10       -14.790251 
h    15   11       +68.615193 
h    15   12       +84.084513 
h    15   13      -104.749207 
h    15   14       -40.485300 
h    15   15       +31.558694 
g    16   0       -231.134628 
g    16   1       -786.092618 
g    16   2       -354.528592 
g    16   3       -307.028177 
g    16   4       -346.906895 
g    16   5       -597.584596 
g    16   6        -96.652323 
g    16   7       +187.094760 
g    16   8       -533.602677 
g    16   9       -204.003269 
g    16   10       -17.067207 
g    16   11      -240.309017 
g    16   12       -76.818423 
g    16   13       +41.774549 
g    16   14      -123.759227 
g    16   15      +117.340052 
g    16   16       -36.448952 
h    16   1      -1089.854719 
h    16   2       -296.253501 
h    16   3       +564.109282 
h    16   4       -255.028805 
h    16   5       +217.165715 
h    16   6       +260.631824 
h    16   7       +176.430203 
h    16   8       -103.669182 
h    16   9       +392.371051 
h    16   10      +112.347369 
h    16   11      +103.645665 
h    16   12      +215.914282 
h    16   13      -121.898343 
h    16   14        +4.598777 
h    16   15      -190.892365 
h    16   16       +14.983734 
g    17   0       -679.763382 
g    17   1        -17.477054 
g    17   2        +55.544652 
g    17   3        -46.541851 
g    17   4       +216.042685 
g    17   5       -368.220491 
g    17   6       +359.902901 
g    17   7       +390.203935 
g    17   8       -265.355013 
g    17   9       +111.384212 
g    17   10      +113.977913 
g    17   11       -64.363917 
g    17   12       -12.394976 
g    17   13       +54.275300 
g    17   14       -52.252473 
g    17   15       +80.379352 
g    17   16       +34.027153 
g    17   17       +33.946142 
h    17   1       -117.784088 
h    17   2        -89.395686 
h    17   3       +185.971854 
h    17   4        +50.086095 
h    17   5       +452.072635 
h    17   6       +101.102806 
h    17   7        -20.582595 
h    17   8       +117.664929 
h    17   9       +554.997569 
h    17   10       +33.902586 
h    17   11      +248.888926 
h    17   12      +217.512297 
h    17   13       +59.911841 
h    17   14       -90.200304 
h    17   15      +145.883363 
h    17   16      -152.705064 
h    17   17      -158.751890 
g    18   0       -374.739253 
g    18   1       +366.730159 
g    18   2       +313.229432 
g    18   3       +296.451494 
g    18   4       +412.531716 
g    18   5        -21.962162 
g    18   6       +391.485326 
g    18   7       +207.042043 
g    18   8        +59.640021 
g    18   9       +131.689621 
g    18   10      +277.262470 
g    18   11       -14.042686 
g    18   12      +124.587114 
g    18   13       -14.064536 
g    18   14      +115.802025 
g    18   15       -90.692666 
g    18   16       +36.463054 
g    18   17       +42.550193 
g    18   18      -184.971788 
h    18   1       +261.104972 
h    18   2       -136.647256 
h    18   3       -218.046331 
h    18   4        -42.877030 
h    18   5       +135.751663 
h    18   6       -307.320208 
h    18   7       -299.025801 
h    18   8        -99.651527 
h    18   9       +270.496904 
h    18   10      -179.916285 
h    18   11      +121.725198 
h    18   12       +49.891332 
h    18   13       +13.126822 
h    18   14        -5.682285 
h    18   15        -4.733144 
h    18   16       +95.347849 
h    18   17      +123.488716 
h    18   18       +55.676580 
g    19   0       -110.210682 
g    19   1       +420.830165 
g    19   2       +135.396718 
g    19   3       +361.376638 
g    19   4       +143.073214 
g    19   5         +2.561670 
g    19   6        +75.731744 
g    19   7       -207.203814 
g    19   8       +121.021566 
g    19   9        -46.574354 
g    19   10      +159.422062 
g    19   11       -68.362317 
g    19   12       +32.752412 
g    19   13       -55.457925 
g    19   14       +61.893213 
g    19   15       +25.348124 
g    19   16       -72.722111 
g    19   17      -120.315411 
g    19   18        +3.669197 
g    19   19       -34.058258 
h    19   1        -10.430305 
h    19   2       -177.375884 
h    19   3       -276.813650 
h    19   4       -161.611877 
h    19   5       -122.186850 
h    19   6       -338.698032 
h    19   7       -296.788986 
h    19   8        -19.174943 
h    19   9       -152.746719 
h    19   10      -153.656650 
h    19   11       -94.154328 
h    19   12       -67.970418 
h    19   13       -60.697885 
h    19   14       +41.163460 
h    19   15      -117.896885 
h    19   16       -78.120092 
h    19   17       +77.934428 
h    19   18      -186.626870 
h    19   19      +214.485421 
g    20   0        -14.970971 
g    20   1       +225.083278 
g    20   2        -77.888344 
g    20   3       +136.693836 
g    20   4        -95.631565 
g    20   5        +13.696703 
g    20   6       -192.502172 
g    20   7       -267.220302 
g    20   8        +28.762966 
g    20   9        -39.109966 
g    20   10       -38.219819 
g    20   11       -41.564997 
g    20   12       -80.092711 
g    20   13       -60.893717 
g    20   14        +6.932053 
g    20   15       +70.715667 
g    20   16       -39.460756 
g    20   17       -92.081835 
g    20   18      +168.025147 
g    20   19      -148.696163 
g    20   20      +235.328595 
h    20   1       -311.189939 
h    20   2        +34.709402 
h    20   3        -37.929982 
h    20   4        -36.776623 
h    20   5       -116.320754 
h    20   6        -44.451401 
h    20   7        -51.040640 
h    20   8       +170.369844 
h    20   9       -265.448180 
h    20   10        +9.073318 
h    20   11      -108.932963 
h    20   12       -67.268823 
h    20   13       -32.487221 
h    20   14       +20.524783 
h    20   15       -53.339334 
h    20   16       -71.486205 
h    20   17        +6.836275 
h    20   18       +57.500421 
h    20   19       -35.725748 
h    20   20       +77.168540 
g    21   0         -8.968524 
g    21   1        +39.757036 
g    21   2        -83.587165 
g    21   3        -50.843926 
g    21   4        -83.878644 
g    21   5        +84.902820 
g    21   6       -198.627834 
g    21   7        -34.270798 
g    21   8        +11.321637 
g    21   9        +66.395077 
g    21   10       -61.644429 
g    21   11        +7.343414 
g    21   12       -84.799909 
g    21   13       -55.470285 
g    21   14       +31.554336 
g    21   15       +17.728130 
g    21   16       -18.572185 
g    21   17       -78.391663 
g    21   18       +21.178091 
g    21   19       +71.748930 
g    21   20       -76.263643 
g    21   21       +32.705594 
h    21   1       -253.663805 
h    21   2       +236.710110 
h    21   3       +149.527438 
h    21   4        +62.919664 
h    21   5        -53.558371 
h    21   6       +135.129760 
h    21   7       +166.142339 
h    21   8       +131.990021 
h    21   9       -134.294694 
h    21   10       +64.678452 
h    21   11       -13.428409 
h    21   12       -61.801101 
h    21   13       +24.679817 
h    21   14        +6.336415 
h    21   15       -46.697347 
h    21   16       -28.330389 
h    21   17       +33.469608 
h    21   18       +69.204529 
h    21   19       -93.263687 
h    21   20      +102.321513 
h    21   21      -151.549166 
g    22   0        -63.210226 
g    22   1         +7.326024 
g    22   2        -27.521712 
g    22   3        -60.809577 
g    22   4        -14.385988 
g    22   5        +51.779294 
g    22   6        -49.503528 
g    22   7        +98.707039 
g    22   8        +29.847155 
g    22   9        +75.943522 
g    22   10       +14.720529 
g    22   11        -6.792973 
g    22   12       -11.825708 
g    22   13       -39.835104 
g    22   14       +50.774549 
g    22   15        +1.376582 
g    22   16       -61.733388 
g    22   17       -55.661527 
g    22   18       +14.462999 
g    22   19       +49.405637 
g    22   20       -43.597552 
g    22   21       +54.195309 
g    22   22      -100.814855 
h    22   1        -43.646412 
h    22   2       +203.929300 
h    22   3       +110.931398 
h    22   4         +6.020274 
h    22   5        -48.228061 
h    22   6       +116.613378 
h    22   7       +193.158972 
h    22   8        +10.808333 
h    22   9        -45.628073 
h    22   10       +45.207654 
h    22   11        +3.851405 
h    22   12       -33.503730 
h    22   13       +33.970344 
h    22   14        -6.198002 
h    22   15       -59.424312 
h    22   16       -13.642800 
h    22   17       +17.771983 
h    22   18       -27.429255 
h    22   19       +31.033837 
h    22   20      -100.961830 
h    22   21       +14.463204 
h    22   22       -77.278628 
g    23   0        -68.070386 
g    23   1        +50.354532 
g    23   2        -25.606919 
g    23   3        -24.436048 
g    23   4        -15.901161 
g    23   5        -41.866979 
g    23   6        +55.407647 
g    23   7        +62.706926 
g    23   8         -8.610253 
g    23   9        +22.530646 
g    23   10       +29.124541 
g    23   11       -35.176703 
g    23   12       +36.808292 
g    23   13       -11.763462 
g    23   14       +31.096052 
g    23   15        +8.821928 
g    23   16       -49.897962 
g    23   17       -43.487177 
g    23   18       +30.660876 
g    23   19       -57.066925 
g    23   20       +47.780524 
g    23   21       -46.256084 
g    23   22       +21.516970 
g    23   23       -45.021062 
h    23   1        +56.187045 
h    23   2        +66.204984 
h    23   3        -11.342404 
h    23   4        -49.013598 
h    23   5        -38.837534 
h    23   6        +49.833095 
h    23   7        +90.985948 
h    23   8        -21.139324 
h    23   9        -29.446125 
h    23   10       +42.334081 
h    23   11       -40.419862 
h    23   12       +43.361096 
h    23   13        +3.410668 
h    23   14       -17.305362 
h    23   15       -38.128991 
h    23   16       +12.425648 
h    23   17        +4.513378 
h    23   18        -8.613341 
h    23   19       +24.764346 
h    23   20       -20.090847 
h    23   21       +47.034632 
h    23   22        -9.319374 
h    23   23       +67.230969 
g    24   0        +13.919397 
g    24   1        +75.945777 
g    24   2        -38.122519 
g    24   3        -44.122754 
g    24   4        -22.143905 
g    24   5        -55.699996 
g    24   6        +65.888154 
g    24   7        +14.642166 
g    24   8        -45.737116 
g    24   9         -8.678680 
g    24   10       -14.847068 
g    24   11       -21.600790 
g    24   12       +24.067338 
g    24   13       +16.906540 
g    24   14        -0.067141 
g    24   15        +0.219826 
g    24   16        -3.623509 
g    24   17       -24.673987 
g    24   18       +30.921945 
g    24   19       -42.483695 
g    24   20       +34.077033 
g    24   21        -5.221254 
g    24   22       +15.488546 
g    24   23        +7.077533 
g    24   24       +20.066276 
h    24   1        +61.255374 
h    24   2         -8.150576 
h    24   3        -55.786089 
h    24   4        -10.344598 
h    24   5         -4.904364 
h    24   6         +5.172281 
h    24   7         -4.431665 
h    24   8         -0.345240 
h    24   9         +0.280705 
h    24   10       +34.185983 
h    24   11       -44.642764 
h    24   12       +80.654529 
h    24   13       -27.208434 
h    24   14       -18.277817 
h    24   15        -8.338201 
h    24   16       +29.862920 
h    24   17       +12.450271 
h    24   18       +26.421047 
h    24   19       -14.014260 
h    24   20       +60.081653 
h    24   21        +1.076687 
h    24   22       +36.058263 
h    24   23       -11.634201 
h    24   24        +8.754122 
g    25   0        +65.365760 
g    25   1        +67.072874 
g    25   2        -32.417157 
g    25   3        -65.834917 
g    25   4         +8.074185 
g    25   5         -0.786718 
g    25   6        +42.833029 
g    25   7         +7.180542 
g    25   8        -23.415045 
g    25   9        -19.418243 
g    25   10       -30.096779 
g    25   11        +4.623387 
g    25   12        +2.172389 
g    25   13       +25.537729 
g    25   14       -19.825083 
g    25   15        -8.944774 
g    25   16        -1.010518 
g    25   17       +13.008460 
g    25   18       +21.303463 
g    25   19        +3.001797 
g    25   20       +13.745436 
g    25   21       +27.478282 
g    25   22        -8.730369 
g    25   23       +36.252179 
g    25   24       +26.136440 
g    25   25        +5.451812 
h    25   1        +63.962809 
h    25   2        -17.818433 
h    25   3        -31.623045 
h    25   4        +43.436141 
h    25   5        +11.937715 
h    25   6        -17.282445 
h    25   7        -42.554761 
h    25   8        +11.192549 
h    25   9        +28.391450 
h    25   10        +8.465483 
h    25   11        -4.622411 
h    25   12       +46.230839 
h    25   13       -28.676378 
h    25   14       -11.417922 
h    25   15        +1.797983 
h    25   16       +34.237528 
h    25   17        +5.471321 
h    25   18       +11.187773 
h    25   19       -20.883608 
h    25   20       +20.006008 
h    25   21        +1.902776 
h    25   22       -12.546751 
h    25   23       -10.537107 
h    25   24        -2.523928 
h    25   25       -13.966143 
g    26   0        +21.565132 
g    26   1        +34.095490 
g    26   2        -19.851357 
g    26   3        -27.913628 
g    26   4        +26.495487 
g    26   5        +35.214946 
g    26   6        +22.142570 
g    26   7         +1.618886 
g    26   8        +14.709828 
g    26   9        -28.111843 
g    26   10        -5.529020 
g    26   11        +6.577429 
g    26   12        +3.441457 
g    26   13        +8.550147 
g    26   14       -19.518154 
g    26   15        -3.370603 
g    26   16       -10.039370 
g    26   17       +26.558476 
g    26   18        +5.012918 
g    26   19        -1.050406 
g    26   20        +8.713350 
g    26   21        -9.549027 
g    26   22        -7.070159 
g    26   23        +2.503420 
g    26   24       -17.704218 
g    26   25        +1.699308 
g    26   26       -24.286963 
h    26   1        +66.623216 
h    26   2        -17.901213 
h    26   3         -8.901417 
h    26   4        +40.743569 
h    26   5         +6.975342 
h    26   6        -19.374048 
h    26   7        -42.330825 
h    26   8        +15.796351 
h    26   9         +9.510649 
h    26   10        -1.774307 
h    26   11       +16.822753 
h    26   12        +3.464419 
h    26   13        -6.203546 
h    26   14        -3.560172 
h    26   15        +4.023339 
h    26   16       +22.837544 
h    26   17        -7.975063 
h    26   18        -2.427589 
h    26   19       -13.750786 
h    26   20       -12.604402 
h    26   21        +5.687791 
h    26   22       -15.781261 
h    26   23        +3.286060 
h    26   24        -8.218737 
h    26   25        -2.098419 
h    26   26        +7.300797 
g    27   0        -37.445869 
g    27   1         -5.934779 
g    27   2         -6.583574 
g    27   3        +31.808763 
g    27   4         +6.666242 
g    27   5        +31.173660 
g    27   6         +1.075025 
g    27   7         -7.697459 
g    27   8        +19.231000 
g    27   9        -23.639044 
g    27   10       +13.524818 
g    27   11        +0.120310 
g    27   12        +7.307738 
g    27   13       -12.883065 
g    27   14        -8.031060 
g    27   15        +0.218049 
g    27   16        +4.046571 
g    27   17       +14.248043 
g    27   18        +0.971522 
g    27   19       -15.365707 
g    27   20       +12.617259 
g    27   21       -28.522379 
g    27   22        -2.452322 
g    27   23        +1.824523 
g    27   24       -22.901211 
g    27   25        -8.482833 
g    27   26       -17.019600 
g    27   27       +10.152008 
h    27   1        +44.971524 
h    27   2        -24.412905 
h    27   3         -0.227269 
h    27   4         +5.178304 
h    27   5         +4.484996 
h    27   6         -8.275536 
h    27   7        -18.268915 
h    27   8        +19.849176 
h    27   9        -30.673309 
h    27   10        +5.962532 
h    27   11        +5.793580 
h    27   12       -10.993723 
h    27   13        +8.987137 
h    27   14        +5.562216 
h    27   15        +9.609564 
h    27   16        +9.922221 
h    27   17       -10.153858 
h    27   18        +6.192842 
h    27   19        -5.547483 
h    27   20        -6.398180 
h    27   21        -2.607669 
h    27   22        +6.855828 
h    27   23       +15.107761 
h    27   24       -12.600884 
h    27   25       +24.945232 
h    27   26       -18.561070 
h    27   27        +6.791483 
g    28   0        -37.767111 
g    28   1        -28.626795 
g    28   2         +5.010903 
g    28   3        +51.020650 
g    28   4        -19.852589 
g    28   5        +15.030496 
g    28   6        -16.923428 
g    28   7         -5.088725 
g    28   8         +3.079178 
g    28   9         -3.919330 
g    28   10       +13.209266 
g    28   11        +4.197736 
g    28   12        -1.079858 
g    28   13       -17.902735 
g    28   14        -0.937588 
g    28   15        -7.210597 
g    28   16        +9.458422 
g    28   17        +5.877030 
g    28   18        +7.233982 
g    28   19        -6.364033 
g    28   20       +17.586274 
g    28   21       -18.967524 
g    28   22        +1.191508 
g    28   23        +6.219399 
g    28   24       +13.321619 
g    28   25        -8.898596 
g    28   26       +23.396769 
g    28   27        +8.155159 
g    28   28       +13.746209 
h    28   1        +11.757666 
h    28   2        -31.623660 
h    28   3        +12.950786 
h    28   4        -15.632132 
h    28   5         +7.111907 
h    28   6         +2.645856 
h    28   7        +18.316596 
h    28   8        +12.230451 
h    28   9        -41.980535 
h    28   10        +9.065033 
h    28   11        -3.533331 
h    28   12       -11.930099 
h    28   13        +6.998680 
h    28   14       +11.993155 
h    28   15        +8.396999 
h    28   16        -1.385789 
h    28   17        -9.948405 
h    28   18       +11.814778 
h    28   19        +0.580238 
h    28   20        +2.033725 
h    28   21       -16.307973 
h    28   22        +6.798425 
h    28   23       +23.584657 
h    28   24        -7.550696 
h    28   25       +27.658418 
h    28   26        -7.456468 
h    28   27       +16.048573 
h    28   28        +2.503274 
g    29   0         -5.221666 
g    29   1        -24.797041 
g    29   2         +7.297357 
g    29   3        +30.752316 
g    29   4        -22.039061 
g    29   5         +1.270356 
g    29   6        -21.401084 
g    29   7         +1.259613 
g    29   8         -3.324879 
g    29   9        +12.472353 
g    29   10        +9.942035 
g    29   11        +9.115669 
g    29   12       -10.021152 
g    29   13       -11.407526 
g    29   14        +3.068642 
g    29   15       -12.314769 
g    29   16        -1.784360 
g    29   17        +5.189025 
g    29   18       +10.585974 
g    29   19        +9.006830 
g    29   20       +11.943980 
g    29   21       -10.237129 
g    29   22        -1.891440 
g    29   23        -7.533798 
g    29   24       +14.215714 
g    29   25       -13.270772 
g    29   26       +17.834050 
g    29   27        +7.905516 
g    29   28        +4.529523 
g    29   29        -4.898365 
h    29   1         -9.513013 
h    29   2        -32.722346 
h    29   3        +28.344389 
h    29   4        -13.062937 
h    29   5         +4.567011 
h    29   6         +5.416402 
h    29   7        +42.665917 
h    29   8         -5.898025 
h    29   9        -21.971436 
h    29   10        +3.333901 
h    29   11        -1.114248 
h    29   12        -9.583942 
h    29   13        +5.001827 
h    29   14       +10.535096 
h    29   15        +1.488508 
h    29   16        -9.434727 
h    29   17       -13.480747 
h    29   18        +6.166496 
h    29   19        +1.610248 
h    29   20        +1.393025 
h    29   21       -31.374758 
h    29   22        -1.434097 
h    29   23       +15.107515 
h    29   24        +9.906625 
h    29   25       +16.430116 
h    29   26        +1.983721 
h    29   27        +7.084972 
h    29   28       +11.465489 
h    29   29        -2.515669 
g    30   0        +11.295534 
g    30   1        -10.485760 
g    30   2         -0.111630 
g    30   3         +9.840788 
g    30   4         -3.019736 
g    30   5         -8.721912 
g    30   6        -14.428471 
g    30   7         -3.511232 
g    30   8         +2.461458 
g    30   9        +16.309311 
g    30   10        +8.986460 
g    30   11        +6.708015 
g    30   12       -10.197373 
g    30   13        -6.912122 
g    30   14        +9.806306 
g    30   15       -10.535586 
g    30   16        -7.145160 
g    30   17        +2.880916 
g    30   18        +9.903944 
g    30   19       +12.770757 
g    30   20        +0.897567 
g    30   21        -2.119637 
g    30   22        -8.648849 
g    30   23       -19.253023 
g    30   24       -12.611735 
g    30   25       -22.232213 
g    30   26        +5.455816 
g    30   27        +1.078956 
g    30   28        -7.178750 
g    30   29        -1.568937 
g    30   30        -5.952947 
h    30   1        -14.965767 
h    30   2        -20.846618 
h    30   3        +31.667457 
h    30   4         -2.861495 
h    30   5         -1.638776 
h    30   6         +0.785336 
h    30   7        +39.016910 
h    30   8        -18.690845 
h    30   9         -1.533712 
h    30   10        -2.372760 
h    30   11        -3.030446 
h    30   12        -1.330294 
h    30   13       +10.056727 
h    30   14        +7.141651 
h    30   15        -0.352648 
h    30   16        -4.858155 
h    30   17       -12.692009 
h    30   18        -2.169360 
h    30   19        +0.853477 
h    30   20        -3.491318 
h    30   21       -37.502604 
h    30   22        -7.855176 
h    30   23        +5.126076 
h    30   24       +17.595157 
h    30   25        +2.075365 
h    30   26        -9.003098 
h    30   27       +14.024557 
h    30   28        -6.890230 
h    30   29        +2.977740 
h    30   30        -0.457637 
G    1    0       -276.286881 
G    1    1        +12.230918 
H    1    1        +28.518057 
