Model Coefficients (in nT) 
L_int = 30 , L_ext = 1 
Lambda = 3.26e-10 , beta = 15.7 
g    1    0    +410115.576360 
g    1    1     -70993.218508 
h    1    1     +20519.559567 
g    2    0     +13021.061566 
g    2    1     -56744.501839 
g    2    2     +47775.103876 
h    2    1     -42808.400590 
h    2    2     +20936.377853 
g    3    0      +2019.753566 
g    3    1     -37211.871048 
g    3    2     +15105.989081 
g    3    3      -1180.595207 
h    3    1     -32867.402158 
h    3    2     +42320.430713 
h    3    3     -27625.383889 
g    4    0     -32689.796139 
g    4    1      -8603.987261 
g    4    2      -2964.451089 
g    4    3     -10465.628429 
g    4    4     -18105.288887 
h    4    1     +31417.125961 
h    4    2     +28196.933062 
h    4    3       -949.576561 
h    4    4      -1641.391790 
g    5    0     -19566.659470 
g    5    1      +4300.313354 
g    5    2     +16648.765374 
g    5    3     -17596.051287 
g    5    4      -2770.964570 
g    5    5      -5250.446815 
h    5    1     +46755.454573 
h    5    2      -1400.302466 
h    5    3      +5828.900215 
h    5    4     +10414.616809 
h    5    5     +10105.806418 
g    6    0     -19410.129574 
g    6    1      +8831.656146 
g    6    2     +11963.000188 
g    6    3     -12140.598170 
g    6    4      +2399.313315 
g    6    5      +1508.376471 
g    6    6      +7931.035892 
h    6    1     +11977.204709 
h    6    2      -8672.623444 
h    6    3       -863.036997 
h    6    4     +13985.674425 
h    6    5      -3763.312296 
h    6    6      +5075.730100 
g    7    0      -1335.247918 
g    7    1      +6285.782282 
g    7    2      -6754.543885 
g    7    3      -1810.955365 
g    7    4      -7277.884081 
g    7    5      +3410.188500 
g    7    6      -2367.347734 
g    7    7      +3866.700436 
h    7    1      -5132.261568 
h    7    2     -12600.270264 
h    7    3      +2175.201773 
h    7    4      +5000.851281 
h    7    5      -6363.746699 
h    7    6      -2198.114289 
h    7    7      -5702.491246 
g    8    0     +13108.362760 
g    8    1       -173.904639 
g    8    2      -7086.708686 
g    8    3       -317.257958 
g    8    4      -4387.690546 
g    8    5      -2015.153194 
g    8    6      -4107.205941 
g    8    7      -1672.054589 
g    8    8      -2879.198560 
h    8    1      -4268.200053 
h    8    2     -11685.834236 
h    8    3     +10104.865333 
h    8    4      -1526.131874 
h    8    5      +2242.261700 
h    8    6      -3107.528846 
h    8    7       +848.732189 
h    8    8      -3104.915749 
g    9    0      +6901.415357 
g    9    1      -2371.075115 
g    9    2       +945.019394 
g    9    3       +955.215160 
g    9    4      +3393.002472 
g    9    5      -2530.519658 
g    9    6      +1480.758228 
g    9    7      -1229.656921 
g    9    8      +1239.070501 
g    9    9      -2097.494234 
h    9    1      -6833.623803 
h    9    2      -1597.001023 
h    9    3      +6044.800719 
h    9    4      -1196.089705 
h    9    5      +3340.745642 
h    9    6       +131.809028 
h    9    7      +1658.749589 
h    9    8      +1071.989605 
h    9    9      +1663.919231 
g    10   0       -204.504600 
g    10   1       +880.192534 
g    10   2      +1539.140217 
g    10   3      +4208.768967 
g    10   4      +3821.551151 
g    10   5       +394.600500 
g    10   6      +1808.797853 
g    10   7       +734.110903 
g    10   8      +2209.979251 
g    10   9       +890.678076 
g    10   10     +1039.280223 
h    10   1      -6110.348992 
h    10   2      +5469.259205 
h    10   3      -2100.099134 
h    10   4      -1772.294584 
h    10   5       -164.995920 
h    10   6      -1014.651806 
h    10   7      -1521.930238 
h    10   8       +204.978332 
h    10   9       -583.399005 
h    10   10     +1348.724596 
g    11   0       +982.598240 
g    11   1      +3080.813581 
g    11   2      -1228.770989 
g    11   3      +3845.135265 
g    11   4       +599.977368 
g    11   5        +76.625459 
g    11   6       -814.687005 
g    11   7       -602.222470 
g    11   8       +900.913817 
g    11   9         -0.871635 
g    11   10      -108.257064 
g    11   11      +740.821615 
h    11   1       +456.272421 
h    11   2      +4799.731707 
h    11   3      -4133.377534 
h    11   4      -2953.327818 
h    11   5       -335.757056 
h    11   6      -2567.934277 
h    11   7      -1318.464996 
h    11   8      -1435.802671 
h    11   9      -1467.907679 
h    11   10      -487.463415 
h    11   11      -521.572849 
g    12   0      +2491.985368 
g    12   1      +1674.670930 
g    12   2       -701.519856 
g    12   3       +360.201662 
g    12   4       -630.579724 
g    12   5       -837.762050 
g    12   6       -901.077906 
g    12   7      -1901.638128 
g    12   8       +493.187537 
g    12   9      -1143.552365 
g    12   10      -717.076758 
g    12   11      -447.537208 
g    12   12      -304.658130 
h    12   1      +4561.633493 
h    12   2      +1912.210259 
h    12   3      -2159.683081 
h    12   4       -792.413951 
h    12   5       +862.551690 
h    12   6       -935.348175 
h    12   7       +637.790253 
h    12   8       -829.301099 
h    12   9       -695.898616 
h    12   10      +162.641861 
h    12   11      -113.374516 
h    12   12      -346.188232 
g    13   0      +1869.515940 
g    13   1       -849.551810 
g    13   2      +1090.926264 
g    13   3      -1692.926049 
g    13   4       -174.494155 
g    13   5       +280.953604 
g    13   6       +178.806928 
g    13   7       -792.319214 
g    13   8       +934.416769 
g    13   9       -511.759635 
g    13   10      -284.493643 
g    13   11      -150.059321 
g    13   12      -196.881144 
g    13   13       -86.529267 
h    13   1      +3104.086842 
h    13   2       +333.940180 
h    13   3       -530.501656 
h    13   4      +1789.269835 
h    13   5       +200.547930 
h    13   6       +784.599633 
h    13   7      +1026.775588 
h    13   8       +266.386757 
h    13   9        -81.235439 
h    13   10      +918.448974 
h    13   11      +410.791510 
h    13   12      +259.359993 
h    13   13      +124.005101 
g    14   0      +1403.917552 
g    14   1      -2122.880030 
g    14   2      +1036.956768 
g    14   3      -1396.900087 
g    14   4        -69.705023 
g    14   5      +1031.204639 
g    14   6       +145.406624 
g    14   7       +448.491434 
g    14   8       +705.472068 
g    14   9       +107.023927 
g    14   10      +185.934490 
g    14   11      +221.960241 
g    14   12      +176.449319 
g    14   13       +92.125302 
g    14   14       +80.749773 
h    14   1       -144.165660 
h    14   2       -287.727515 
h    14   3       +125.762003 
h    14   4      +1447.763776 
h    14   5       -945.979371 
h    14   6       +699.297905 
h    14   7       +298.836722 
h    14   8       -168.788528 
h    14   9       -159.602687 
h    14   10      +486.275928 
h    14   11      +310.807210 
h    14   12      +242.031161 
h    14   13      +118.760475 
h    14   14       +33.484215 
g    15   0       +819.363900 
g    15   1      -1864.766530 
g    15   2        -38.848192 
g    15   3       -674.735080 
g    15   4       -440.817859 
g    15   5       +182.788085 
g    15   6       -380.927029 
g    15   7       +381.411304 
g    15   8       -185.357974 
g    15   9       -121.688615 
g    15   10       +70.101931 
g    15   11       -12.079852 
g    15   12      +204.383830 
g    15   13       +65.890277 
g    15   14       +57.504956 
g    15   15       -24.610423 
h    15   1      -1645.024953 
h    15   2       -483.085040 
h    15   3       +473.069052 
h    15   4        +50.275268 
h    15   5       -728.450863 
h    15   6       +284.455414 
h    15   7         +3.168972 
h    15   8       -649.348249 
h    15   9        -71.657112 
h    15   10       +58.259043 
h    15   11       -32.241523 
h    15   12       +69.721048 
h    15   13       -94.073879 
h    15   14        +9.234091 
h    15   15       -35.512768 
g    16   0       -234.072824 
g    16   1       -929.011347 
g    16   2       -375.486198 
g    16   3       -337.760845 
g    16   4       -346.779076 
g    16   5       -572.490944 
g    16   6       -223.049148 
g    16   7       +203.474787 
g    16   8       -609.625828 
g    16   9       -219.754929 
g    16   10       -87.090321 
g    16   11      -208.384823 
g    16   12       -38.134269 
g    16   13       +29.557211 
g    16   14       -40.476069 
g    16   15       +65.668988 
g    16   16       +37.304850 
h    16   1      -1104.465659 
h    16   2       -289.451595 
h    16   3       +557.035571 
h    16   4       -220.414061 
h    16   5       +215.977358 
h    16   6       +299.471163 
h    16   7       +138.193393 
h    16   8       -184.045986 
h    16   9       +409.721839 
h    16   10       +93.851460 
h    16   11       +23.581877 
h    16   12      +145.743405 
h    16   13      -111.579660 
h    16   14       -27.822424 
h    16   15       -27.786817 
h    16   16      -102.605779 
g    17   0       -750.967270 
g    17   1        -53.645179 
g    17   2        +56.191147 
g    17   3         +3.493800 
g    17   4       +229.176901 
g    17   5       -370.817079 
g    17   6       +345.684452 
g    17   7       +370.084491 
g    17   8       -301.909577 
g    17   9        +96.041471 
g    17   10      +105.706629 
g    17   11       -76.968331 
g    17   12        -6.211393 
g    17   13       +25.455860 
g    17   14       -36.500676 
g    17   15       +39.163632 
g    17   16       -50.147313 
g    17   17       -18.927217 
h    17   1        -58.464743 
h    17   2        -89.664124 
h    17   3       +221.778471 
h    17   4        +27.290490 
h    17   5       +544.611504 
h    17   6       +101.129674 
h    17   7         +2.622794 
h    17   8        +93.275970 
h    17   9       +618.776445 
h    17   10       +45.851433 
h    17   11      +220.296838 
h    17   12      +238.200544 
h    17   13        +3.412079 
h    17   14       -27.243172 
h    17   15       +47.766779 
h    17   16       -33.897575 
h    17   17       -76.423202 
g    18   0       -495.203949 
g    18   1       +439.592495 
g    18   2       +334.059948 
g    18   3       +339.662942 
g    18   4       +465.186612 
g    18   5        -29.098325 
g    18   6       +470.262499 
g    18   7       +192.250047 
g    18   8        +86.453761 
g    18   9       +190.414140 
g    18   10      +291.811023 
g    18   11       +14.184649 
g    18   12      +132.147446 
g    18   13       +14.352293 
g    18   14       +57.793318 
g    18   15        +2.926510 
g    18   16       +65.625972 
g    18   17       -36.198739 
g    18   18       -47.143122 
h    18   1       +289.008204 
h    18   2       -162.952056 
h    18   3       -247.858871 
h    18   4        -44.547447 
h    18   5       +178.978259 
h    18   6       -334.354849 
h    18   7       -352.452987 
h    18   8        -95.017215 
h    18   9       +264.626109 
h    18   10      -178.379126 
h    18   11      +120.779379 
h    18   12       +69.498188 
h    18   13       -20.073111 
h    18   14       +11.038288 
h    18   15       +25.286615 
h    18   16        +0.023905 
h    18   17       +34.224041 
h    18   18        -0.277008 
g    19   0       -132.686018 
g    19   1       +475.825292 
g    19   2       +147.173931 
g    19   3       +341.474289 
g    19   4       +142.415033 
g    19   5         -6.584822 
g    19   6        +75.492857 
g    19   7       -255.841805 
g    19   8       +133.333612 
g    19   9         -1.374298 
g    19   10      +156.724036 
g    19   11       -65.123658 
g    19   12       +78.867940 
g    19   13       -37.361049 
g    19   14       +60.358236 
g    19   15       +10.119138 
g    19   16        -0.577254 
g    19   17       -53.297153 
g    19   18        +5.862351 
g    19   19       -44.110825 
h    19   1        -19.835208 
h    19   2       -214.750539 
h    19   3       -352.420628 
h    19   4       -127.368523 
h    19   5       -138.242992 
h    19   6       -397.075680 
h    19   7       -400.555753 
h    19   8        -34.292396 
h    19   9       -186.665545 
h    19   10      -197.026653 
h    19   11       -93.564316 
h    19   12       -89.010509 
h    19   13       -87.235690 
h    19   14       +27.755848 
h    19   15       -56.752233 
h    19   16       -77.525993 
h    19   17       +25.231536 
h    19   18        +7.291493 
h    19   19       +45.120460 
g    20   0         -9.040381 
g    20   1       +227.365141 
g    20   2        -91.738139 
g    20   3       +106.001997 
g    20   4       -161.640436 
g    20   5        +13.753037 
g    20   6       -266.078746 
g    20   7       -333.765061 
g    20   8        +40.345387 
g    20   9        -45.978932 
g    20   10       -61.124152 
g    20   11       -75.426217 
g    20   12       -61.139811 
g    20   13       -77.046418 
g    20   14       +15.888650 
g    20   15       +31.358292 
g    20   16       -64.014384 
g    20   17       -70.758188 
g    20   18       +37.142100 
g    20   19       -18.023402 
g    20   20       +46.314520 
h    20   1       -314.809454 
h    20   2         -0.709237 
h    20   3        -52.281239 
h    20   4         +9.372412 
h    20   5       -114.869688 
h    20   6        -79.402881 
h    20   7        -74.055345 
h    20   8       +218.458012 
h    20   9       -288.664538 
h    20   10        -2.073006 
h    20   11      -102.944743 
h    20   12       -71.887490 
h    20   13       -62.440850 
h    20   14       +36.524220 
h    20   15       -66.239677 
h    20   16       -61.349407 
h    20   17        +1.183662 
h    20   18       +35.132087 
h    20   19        -4.862806 
h    20   20       +51.252015 
g    21   0        -36.273420 
g    21   1         +7.501310 
g    21   2        -94.415750 
g    21   3        -36.579921 
g    21   4       -126.540183 
g    21   5       +111.108247 
g    21   6       -240.977957 
g    21   7        -50.551880 
g    21   8        +51.504725 
g    21   9        +73.134143 
g    21   10       -74.054231 
g    21   11       +10.128030 
g    21   12       -92.070407 
g    21   13       -61.091276 
g    21   14       +24.434172 
g    21   15       +36.523063 
g    21   16       -27.946423 
g    21   17       -56.062862 
g    21   18       +33.064849 
g    21   19       +23.172035 
g    21   20       +17.284227 
g    21   21       +36.745826 
h    21   1       -282.380819 
h    21   2       +245.355624 
h    21   3       +203.410720 
h    21   4        +76.518529 
h    21   5        -28.171545 
h    21   6       +137.458462 
h    21   7       +215.878758 
h    21   8       +193.947235 
h    21   9       -154.380604 
h    21   10      +108.704377 
h    21   11        +5.606539 
h    21   12       -45.985811 
h    21   13       +12.162661 
h    21   14       +26.985641 
h    21   15       -58.941931 
h    21   16       -16.450955 
h    21   17       +32.617303 
h    21   18       +11.629621 
h    21   19       -26.029737 
h    21   20       +13.013822 
h    21   21       -37.876313 
g    22   0        -84.581077 
g    22   1        -27.865821 
g    22   2         -1.007028 
g    22   3        -32.097849 
g    22   4        -15.660234 
g    22   5        +64.687513 
g    22   6        -45.994896 
g    22   7       +130.934431 
g    22   8        +72.134513 
g    22   9        +94.115719 
g    22   10       +24.405541 
g    22   11       +20.759636 
g    22   12       -17.851684 
g    22   13       -28.864905 
g    22   14       +60.344576 
g    22   15       +22.840833 
g    22   16       -43.526971 
g    22   17       -50.454486 
g    22   18       +28.976372 
g    22   19        +2.567652 
g    22   20       -10.054386 
g    22   21        -7.862938 
g    22   22       -26.821005 
h    22   1        -97.321861 
h    22   2       +259.021521 
h    22   3       +142.949011 
h    22   4        -29.067237 
h    22   5        -44.651509 
h    22   6       +112.733060 
h    22   7       +221.694999 
h    22   8        -14.712970 
h    22   9        -65.977234 
h    22   10       +80.646177 
h    22   11        +8.383929 
h    22   12       -39.679051 
h    22   13       +46.428766 
h    22   14        -9.027444 
h    22   15       -70.082273 
h    22   16        +5.957819 
h    22   17       +44.684970 
h    22   18       -20.310756 
h    22   19       -24.026843 
h    22   20       -30.139326 
h    22   21       -24.208638 
h    22   22       -31.050463 
g    23   0        -65.277976 
g    23   1        +42.682544 
g    23   2        +15.164254 
g    23   3        -34.176721 
g    23   4        -37.011118 
g    23   5        -80.105423 
g    23   6        +67.232187 
g    23   7        +92.084840 
g    23   8        -10.863012 
g    23   9        +12.120914 
g    23   10       +36.477699 
g    23   11       -35.570516 
g    23   12       +30.702570 
g    23   13        -2.786945 
g    23   14       +53.868564 
g    23   15        +2.038883 
g    23   16       -52.957118 
g    23   17       -54.833100 
g    23   18       +30.677872 
g    23   19       -30.521024 
g    23   20       -11.518834 
g    23   21       -25.938660 
g    23   22       -15.566811 
g    23   23       -23.035476 
h    23   1        +38.913748 
h    23   2       +109.639200 
h    23   3        -43.165383 
h    23   4        -85.994414 
h    23   5        -45.256030 
h    23   6        +42.824499 
h    23   7        +80.638821 
h    23   8        -89.498493 
h    23   9        -34.172894 
h    23   10       +48.520532 
h    23   11       -61.901607 
h    23   12       +33.342991 
h    23   13       +19.795616 
h    23   14       -27.927294 
h    23   15       -61.693956 
h    23   16       +20.025022 
h    23   17       +35.887488 
h    23   18        +1.892299 
h    23   19       -14.937348 
h    23   20        +7.344344 
h    23   21       +15.880393 
h    23   22       +10.072148 
h    23   23       +24.760134 
g    24   0        +27.213757 
g    24   1        +90.932078 
g    24   2        -22.452234 
g    24   3        -85.231812 
g    24   4        -64.694231 
g    24   5       -105.959377 
g    24   6        +84.313856 
g    24   7        +27.582346 
g    24   8        -86.466023 
g    24   9        -28.455851 
g    24   10       -17.138641 
g    24   11       -38.998257 
g    24   12       +11.014458 
g    24   13       +32.116670 
g    24   14        +3.411858 
g    24   15        -9.597383 
g    24   16       -11.301954 
g    24   17       -31.027771 
g    24   18       +33.250118 
g    24   19       -13.102379 
g    24   20       +22.066874 
g    24   21       +15.398152 
g    24   22       +10.754884 
g    24   23       +14.731382 
g    24   24       +13.813243 
h    24   1        +97.493237 
h    24   2        -10.943107 
h    24   3       -109.086404 
h    24   4         -4.603419 
h    24   5        +26.450780 
h    24   6        +14.912080 
h    24   7        -18.994318 
h    24   8        -31.341322 
h    24   9        +34.128741 
h    24   10       +35.129078 
h    24   11       -55.015936 
h    24   12      +103.460146 
h    24   13       -19.784455 
h    24   14       -15.053053 
h    24   15       -31.691655 
h    24   16       +39.188448 
h    24   17       +29.998010 
h    24   18       +21.078194 
h    24   19        -4.222684 
h    24   20       +30.368755 
h    24   21       +18.131336 
h    24   22       +20.180484 
h    24   23       +15.487296 
h    24   24       +20.562278 
g    25   0        +85.388710 
g    25   1        +72.440316 
g    25   2        -43.026053 
g    25   3        -95.315977 
g    25   4         +4.703795 
g    25   5        -15.440649 
g    25   6        +75.772726 
g    25   7        +18.440304 
g    25   8        -50.958341 
g    25   9        -22.781766 
g    25   10       -20.985508 
g    25   11        +0.879594 
g    25   12        -6.154405 
g    25   13       +55.229513 
g    25   14       -37.715419 
g    25   15        -3.778793 
g    25   16        +6.377362 
g    25   17        +7.361878 
g    25   18       +22.636068 
g    25   19        +4.573444 
g    25   20       +40.233829 
g    25   21       +27.499103 
g    25   22        +6.618142 
g    25   23       +21.761141 
g    25   24       +18.177797 
g    25   25       +16.016373 
h    25   1       +106.087847 
h    25   2        -44.634090 
h    25   3        -65.095001 
h    25   4        +76.604006 
h    25   5        +69.067414 
h    25   6        -20.033645 
h    25   7        -61.484582 
h    25   8        +15.244924 
h    25   9        +87.420338 
h    25   10        -2.998793 
h    25   11       +17.658468 
h    25   12       +75.496337 
h    25   13       -24.541167 
h    25   14        -0.549961 
h    25   15        -6.644121 
h    25   16       +48.665317 
h    25   17       +16.732164 
h    25   18        +0.957034 
h    25   19        -7.783409 
h    25   20        -1.592105 
h    25   21        -7.143622 
h    25   22        -8.644214 
h    25   23        -7.725379 
h    25   24        -9.654681 
h    25   25        -5.001930 
g    26   0        +37.825997 
g    26   1        +13.702663 
g    26   2        -36.978114 
g    26   3        -23.174763 
g    26   4        +69.179013 
g    26   5        +40.536431 
g    26   6        +42.545211 
g    26   7        +11.000569 
g    26   8        +19.750377 
g    26   9        -33.280286 
g    26   10       +19.884905 
g    26   11        +8.435689 
g    26   12       +14.154622 
g    26   13       +34.736388 
g    26   14       -39.556069 
g    26   15        +7.747372 
g    26   16        -1.825729 
g    26   17       +21.297089 
g    26   18        -2.272856 
g    26   19       -13.572709 
g    26   20       +22.609127 
g    26   21        +0.142933 
g    26   22        -9.222414 
g    26   23        -7.156876 
g    26   24        -6.914658 
g    26   25        -5.511332 
g    26   26        -4.504221 
h    26   1        +84.117298 
h    26   2        -40.998547 
h    26   3        -22.198759 
h    26   4        +62.161985 
h    26   5        +37.149213 
h    26   6        -55.227461 
h    26   7        -82.289765 
h    26   8        +33.812183 
h    26   9        +44.421794 
h    26   10       -36.446214 
h    26   11       +45.698529 
h    26   12        +1.560292 
h    26   13        -3.510933 
h    26   14        +4.546460 
h    26   15        +5.549523 
h    26   16       +36.589635 
h    26   17        +3.238297 
h    26   18        -8.882693 
h    26   19       -10.941194 
h    26   20       -11.792994 
h    26   21       -13.925184 
h    26   22       -11.556911 
h    26   23        -5.143163 
h    26   24       -26.742747 
h    26   25        -8.163456 
h    26   26       -12.344543 
g    27   0        -45.798685 
g    27   1        -39.010568 
g    27   2        -11.567297 
g    27   3        +65.600103 
g    27   4        +34.625223 
g    27   5        +25.349830 
g    27   6        -18.836139 
g    27   7         +0.511492 
g    27   8        +29.706055 
g    27   9        -45.419854 
g    27   10       +31.688888 
g    27   11        -8.848141 
g    27   12       +28.665162 
g    27   13        -9.910699 
g    27   14       -21.942683 
g    27   15       +11.539757 
g    27   16        +3.948758 
g    27   17       +14.519345 
g    27   18       -15.200937 
g    27   19       -25.561989 
g    27   20       +14.693310 
g    27   21        -5.535779 
g    27   22        -4.049373 
g    27   23       -14.701119 
g    27   24       -17.869951 
g    27   25       -17.466331 
g    27   26        -4.468214 
g    27   27        -7.748026 
h    27   1        +55.361718 
h    27   2        -48.807519 
h    27   3         +1.230800 
h    27   4         -0.313572 
h    27   5         +0.262910 
h    27   6        -43.493842 
h    27   7        -58.255012 
h    27   8        +56.406567 
h    27   9        -43.538050 
h    27   10       -22.345617 
h    27   11       +15.397243 
h    27   12       -33.956468 
h    27   13        +8.113579 
h    27   14       +13.067533 
h    27   15        +6.126754 
h    27   16       +15.107170 
h    27   17        -1.920427 
h    27   18        +8.388447 
h    27   19        +1.412312 
h    27   20       +10.229352 
h    27   21        -1.129732 
h    27   22        +7.472731 
h    27   23       +14.908778 
h    27   24        -4.727955 
h    27   25        +9.296906 
h    27   26        +0.487829 
h    27   27        +1.011657 
g    28   0        -69.154632 
g    28   1        -56.487625 
g    28   2        +25.103729 
g    28   3        +95.924439 
g    28   4        -43.599117 
g    28   5         +2.435756 
g    28   6        -57.162271 
g    28   7        +19.461479 
g    28   8         +1.190378 
g    28   9        -23.365069 
g    28   10       +11.024136 
g    28   11        -5.512763 
g    28   12       +10.872150 
g    28   13       -36.813655 
g    28   14        -7.848156 
g    28   15        +7.546639 
g    28   16        +7.027347 
g    28   17        +9.653413 
g    28   18        -9.239472 
g    28   19        -8.734385 
g    28   20       +25.714570 
g    28   21        +8.773230 
g    28   22       +12.125664 
g    28   23        -1.825723 
g    28   24        +0.271159 
g    28   25        -7.132016 
g    28   26       +10.684521 
g    28   27        -1.645341 
g    28   28        -1.430269 
h    28   1        +25.775180 
h    28   2        -77.055031 
h    28   3        +37.398083 
h    28   4        -41.980344 
h    28   5         +4.454461 
h    28   6         +0.343427 
h    28   7        +17.104415 
h    28   8        +51.559811 
h    28   9        -74.510392 
h    28   10       +14.285888 
h    28   11        -9.081114 
h    28   12       -30.004211 
h    28   13       +10.150590 
h    28   14       +24.194227 
h    28   15        -3.005848 
h    28   16        -5.779179 
h    28   17       -10.286219 
h    28   18       +18.305906 
h    28   19       +10.719426 
h    28   20       +17.568580 
h    28   21        -7.378224 
h    28   22        +9.143420 
h    28   23       +16.227665 
h    28   24        +4.572160 
h    28   25       +16.952917 
h    28   26        +5.896734 
h    28   27        +2.358478 
h    28   28        +6.012508 
g    29   0        -30.684668 
g    29   1        -44.910052 
g    29   2        +39.791930 
g    29   3        +65.061967 
g    29   4        -67.950979 
g    29   5         -5.578113 
g    29   6        -36.779910 
g    29   7        +46.750497 
g    29   8        -10.489057 
g    29   9        +14.600298 
g    29   10        +2.171481 
g    29   11       +14.914097 
g    29   12       -13.885974 
g    29   13       -32.800692 
g    29   14        +8.508707 
g    29   15        -0.677252 
g    29   16        -7.721726 
g    29   17        +3.443980 
g    29   18        -2.563108 
g    29   19       +10.933994 
g    29   20       +19.693044 
g    29   21        +8.514256 
g    29   22        +6.227750 
g    29   23        -2.196435 
g    29   24        +8.384338 
g    29   25        +1.549164 
g    29   26       +14.335577 
g    29   27        +1.693221 
g    29   28        +1.779262 
g    29   29        -1.988076 
h    29   1        -22.729419 
h    29   2        -91.745684 
h    29   3        +79.747773 
h    29   4        -46.641583 
h    29   5        +19.290080 
h    29   6        +25.132130 
h    29   7        +79.010472 
h    29   8         -8.288036 
h    29   9        -35.255399 
h    29   10       +25.637658 
h    29   11       -13.196470 
h    29   12       -13.669145 
h    29   13       +22.610654 
h    29   14       +26.970483 
h    29   15       -11.790723 
h    29   16       -18.461856 
h    29   17       -22.037101 
h    29   18        +9.165170 
h    29   19        +7.388338 
h    29   20        +2.480795 
h    29   21       -29.522776 
h    29   22        +0.165382 
h    29   23        +3.045921 
h    29   24        -3.480989 
h    29   25        +6.429002 
h    29   26        -2.797133 
h    29   27        -6.542940 
h    29   28        +3.823766 
h    29   29        +1.541934 
g    30   0        +17.621184 
g    30   1        -30.567852 
g    30   2         +2.830492 
g    30   3        +22.870384 
g    30   4        -16.153794 
g    30   5        -15.500316 
g    30   6         +8.590400 
g    30   7        +37.175319 
g    30   8        -13.688019 
g    30   9        +37.666959 
g    30   10        +5.882442 
g    30   11       +26.346158 
g    30   12       -26.085604 
g    30   13        -4.614442 
g    30   14       +32.195538 
g    30   15       -11.086499 
g    30   16       -17.649739 
g    30   17       -14.254056 
g    30   18        -0.255154 
g    30   19       +17.926251 
g    30   20        -2.701709 
g    30   21        -3.009966 
g    30   22       -15.446442 
g    30   23        -8.547157 
g    30   24        +1.009839 
g    30   25        -3.250343 
g    30   26        +4.865992 
g    30   27        -6.213986 
g    30   28        -2.696038 
g    30   29        +0.004403 
g    30   30        -0.584241 
h    30   1        -84.953628 
h    30   2        -44.175498 
h    30   3        +93.902000 
h    30   4        -22.804725 
h    30   5        +13.756359 
h    30   6        +18.729949 
h    30   7        +67.335147 
h    30   8        -78.251297 
h    30   9        +17.076506 
h    30   10        +3.865942 
h    30   11       -26.097200 
h    30   12       +10.465893 
h    30   13       +38.096781 
h    30   14       +20.908866 
h    30   15       -12.957530 
h    30   16       -13.516155 
h    30   17       -22.785312 
h    30   18        -0.773266 
h    30   19        +4.899490 
h    30   20       -13.125464 
h    30   21       -31.035781 
h    30   22        +1.828680 
h    30   23        +7.204868 
h    30   24        -5.929260 
h    30   25        -0.138166 
h    30   26        -9.431168 
h    30   27        -7.417082 
h    30   28        -1.640367 
h    30   29        +5.475973 
h    30   30        +1.353379 
G    1    0        +20.837173 
G    1    1        +69.118760 
H    1    1        -37.321145 
